                                                                                                                                                  
                                                                                                                                                  
                                                                *******************************                                                   
                                                                  DOWNWARD LONGWAVE RADIATION                                                     
                                                                *******************************                                                   
                                                                                                                  COUNTRY = JAPAN                 
                                                                                                                                                  
                                                                                                                                                  
                                                                     UNIT  = 0.01 MJ/m**2                                                         
                        STATION    : Tateno                                                                                                       
                        STATION NO.: 47646                                                                                                        
                        LOCATION   : 140ﾟ08' E                                                                                                    
                                      36ﾟ03' N                                                                                                    
                        ALTITUDE   :   25.2  m                                                                                                    
                        YEAR/MONTH : 2023/08                                                                                                      
                                                                                                                                                  
              DATE   -01  -02  -03  -04  -05  -06  -07  -08  -09  -10  -11  -12  -13  -14  -15  -16  -17  -18  -19  -20  -21  -22  -23  -24  TOTAL
                                                                                                                                                  
               8 1   159  155  158  158  158  155  158  158  158  160  159  156  152  149  150  148  147  144  141  144  146  145  144  145   3647
               8 2   148  148  147  147  148  144  145  143  145  148  152  151  154  156  154  152  151  150  148  146  148  147  147  146   3565
               8 3   146  146  146  145  144  143  145  150  148  149  152  159  156  154  153  152  151  149  148  147  147  147  147  147   3571
               8 4   145  144  144  144  144  145  147  149  151  153  155  158  161  164  168  168  161  160  162  162  158  153  154  150   3700
               8 5   149  148  148  148  148  147  148  151  153  156  159  158  157  155  154  153  153  153  152  151  152  150  149  150   3642
               8 6   152  148  149  156  149  145  146  152  153  156  160  163  158  163  157  159  158  156  160  158  152  150  156  149   3705
               8 7   148  149  147  146  146  146  147  150  155  157  158  159  158  161  162  159  153  152  151  149  148  147  147  148   3643
               8 8   151  150  153  157  157  148  148  153  157  158  159  163  160  161  165  164  164  160  154  151  151  153  154  159   3750
               8 9   154  150  152  154  159  154  158  162  163  164  159  162  165  166  163  161  160  154  158  155  155  159  153  148   3788
               810   146  145  150  146  142  143  145  148  151  152  150  152  151  155  155  155  156  156  149  147  146  149  148  147   3584
               811   150  150  156  145  147  145  149  147  153  153  157  156  153  149  149  149  149  150  148  147  149  148  151  150   3600
               812   153  153  154  155  152  149  153  149  153  159  160  156  159  157  155  153  152  151  150  149  147  146  146  145   3656
               813   148  153  156  155  157  159  152  151  156  158  165  160  163  163  160  160  161  162  160  159  160  153  153  153   3777
               814   155  154  153  160  159  159  161  157  154  152  156  163  163  162  158  159  159  156  150  149  148  149  154  159   3749
               815   150  154  153  158  160  160  154  154  158  162  157  161  163  164  164  163  160  154  156  152  155  155  151  150   3768
               816   148  148  149  150  156  149  146  148  148  152  158  159  159  157  154  154  154  156  156  160  154  152  154  159   3680
               817   162  162  160  161  154  150  154  155  163  165  160  164  162  160  159  158  156  154  153  152  151  151  151  150   3767
               818   150  149  149  149  149  149  154  162  164  157  159  163  162  158  157  158  160  156  152  152  151  151  149  149   3709
               819   148  148  147  148  147  150  159  158  159  157  159  163  161  160  160  161  158  156  154  160  158  157  151  151   3730
               820   151  150  149  150  149  149  150  152  157  162  160  158  158  158  159  158  158  157  154  153  152  150  150  148   3692
               821   148  147  147  146  147  145  145  147  153  156  153  157  160  158  157  155  154  153  153  152  151  150  150  150   3634
               822   152  160  153  153  151  149  151  154  156  156  163  161  163  164  162  157  157  155  156  152  150  154  153  159   3741
               823   157  153  157  154  149  151  152  159  160  159  162  156  160  163  160  155  156  155  156  154  150  149  149  148   3724
               824   148  150  149  149  148  147  148  150  155  155  155  158  155  154  154  152  151  151  150  149  148  148  146  145   3615
               825   145  144  144  143  143  143  145  147  151  152  154  153  154  155  156  163  156  154  151  150  150  149  148  147   3597
               826   146  145  144  144  144  144  144  147  152  155  152  153  157  155  152  152  151  152  149  144  143  143  147  146   3561
               827   145  151  155  154  146  149  149  145  150  152  154  157  156  155  156  152  154  153  152  148  153  153  151  149   3639
               828   151  153  149  146  148  151  150  151  151  152  155  155  156  158  158  158  155  152  154  153  150  150  149  148   3653
               829   147  146  146  145  145  145  146  149  159  162  158  160  158  158  156  152  148  147  146  147  145  143  142  141   3591
               830   140  140  140  139  139  140  141  146  152  152  156  163  159  160  158  156  154  151  149  148  148  147  145  144   3567
               831   144  143  143  141  140  137  136  139  141  143  143  143  143  142  144  144  143  144  146  145  143  143  141  141   3412
              ------------------------------------------------------------------------------------------------------------------------------------
              TOTAL 4636 4636 4647 4646 4625 4590 4626 4683 4779 4824 4859 4900 4896 4894 4869 4840 4800 4753 4718 4685 4659 4641 4630 4621 113457
              MEAN   150  150  150  150  149  148  149  151  154  156  157  158  158  158  157  156  155  153  152  151  150  150  149  149   3660
              MAX    162  162  160  161  160  160  161  162  164  165  165  164  165  166  168  168  164  162  162  162  160  159  156  159   3788
                N     31   31   31   31   31   31   31   31   31   31   31   31   31   31   31   31   31   31   31   31   31   31   31   31     31
              NOTE                                                                                                                                
                                                                                                                                                  
                   *): WITH MISSING DATA; TOTAL,MEAN,MAXIMUM ESTIMATED                                                                            
                                                                                                                                                  
                                                                                                                                                  
