                                                                                                                                                  
                                                                                                                                                  
                                                                *******************************                                                   
                                                                  DOWNWARD LONGWAVE RADIATION                                                     
                                                                *******************************                                                   
                                                                                                                  COUNTRY = JAPAN                 
                                                                                                                                                  
                                                                                                                                                  
                                                                     UNIT  = 0.01 MJ/m**2                                                         
                        STATION    : Tateno                                                                                                       
                        STATION NO.: 47646                                                                                                        
                        LOCATION   : 140ﾟ08' E                                                                                                    
                                      36ﾟ03' N                                                                                                    
                        ALTITUDE   :   25.2  m                                                                                                    
                        YEAR/MONTH : 2023/07                                                                                                      
                                                                                                                                                  
              DATE   -01  -02  -03  -04  -05  -06  -07  -08  -09  -10  -11  -12  -13  -14  -15  -16  -17  -18  -19  -20  -21  -22  -23  -24  TOTAL
                                                                                                                                                  
               7 1   153  153  152  154  153  157  159  159  159  160  160  155  157  159  155  157  156  157  157  155  156  154  154  154   3745
               7 2   152  149  148  148  146  145  139  138  138  138  140  142  146  146  145  145  148  147  142  139  138  137  139  141   3436
               7 3   149  151  153  152  151  154  156  149  155  155  154  151  150  149  146  146  148  149  148  147  144  144  151  146   3598
               7 4   147  148  151  151  147  141  138  140  137  137  138  141  140  140  150  148  147  141  137  137  146  145  141  134   3422
               7 5   134  134  143  147  151  149  144  149  155  155  154  152  150  151  152  151  152  151  150  150  150  151  152  152   3579
               7 6   154  154  153  153  154  153  153  154  155  156  157  158  155  147  150  153  152  149  150  147  143  143  143  140   3626
               7 7   139  140  140  140  138  137  139  140  141  144  149  153  153  155  155  151  150  147  140  142  148  149  145  147   3482
               7 8   147  151  153  153  154  154  156  157  159  157  156  161  163  161  158  158  161  162  161  158  156  154  156  154   3760
               7 9   151  156  159  159  158  156  154  156  155  155  161  166  165  166  163  162  161  159  155  154  156  152  150  152   3781
               710   150  148  148  147  146  146  146  149  150  151  154  155  156  157  158  158  156  162  158  163  162  163  159  149   3691
               711   158  159  148  143  142  143  144  146  148  151  154  154  158  159  161  159  156  154  156  159  152  147  146  145   3642
               712   144  146  143  141  141  142  145  145  146  148  152  154  156  157  161  167  156  149  156  155  153  154  151  155   3617
               713   155  154  155  153  150  148  149  149  148  149  149  151  153  155  155  156  155  153  155  152  154  155  152  152   3657
               714   150  151  151  150  152  153  151  151  155  154  154  152  153  155  153  153  155  154  152  151  151  153  154  153   3661
               715   153  153  153  153  153  154  153  154  157  158  159  159  161  161  159  160  158  157  157  152  149  149  149  148   3719
               716   145  146  152  148  147  144  144  146  147  150  153  155  157  158  157  157  157  156  155  153  152  153  153  152   3637
               717   152  149  148  147  147  147  148  149  150  153  155  157  158  157  156  157  156  153  151  150  149  148  148  148   3633
               718   148  146  146  146  145  145  146  151  152  156  162  159  158  157  157  157  155  154  154  151  149  150  150  148   3642
               719   149  147  145  146  150  149  150  149  149  156  160  164  157  157  157  157  156  151  151  152  156  152  148  147   3655
               720   148  151  148  145  142  143  141  142  145  150  149  155  148  145  151  148  144  143  142  141  146  142  144  150   3503
               721   154  152  149  142  145  147  145  152  154  157  154  150  152  150  149  146  145  142  142  142  138  138  140  142   3527
               722   137  137  138  136  136  136  137  138  145  152  157  153  147  145  143  142  141  140  139  138  137  136  135  135   3380
               723   135  139  135  135  134  134  137  139  141  142  142  143  143  144  145  145  144  144  141  137  136  136  135  134   3340
               724   133  133  133  133  133  133  135  137  138  140  142  146  144  146  147  152  148  145  143  143  142  141  139  138   3364
               725   137  136  136  135  135  135  136  139  141  144  146  148  152  155  151  152  150  146  143  143  144  143  143  141   3431
               726   141  141  141  140  140  140  141  144  146  149  151  153  156  155  156  156  154  154  151  152  157  155  158  154   3585
               727   151  153  157  153  153  152  151  148  150  152  154  157  161  160  160  158  157  159  155  152  152  150  146  148   3689
               728   154  155  148  148  147  147  147  151  152  153  154  155  155  158  163  158  155  152  149  146  145  143  143  142   3620
               729   142  141  141  141  140  140  141  143  144  146  146  147  146  144  143  147  148  146  142  140  141  142  142  142   3435
               730   140  140  140  140  140  139  141  142  144  148  152  155  156  154  153  151  149  148  148  147  147  147  147  147   3515
               731   146  146  145  144  145  146  152  154  154  154  155  160  158  158  154  156  156  153  153  154  154  152  152  157   3658
              ------------------------------------------------------------------------------------------------------------------------------------
              TOTAL 4548 4559 4552 4523 4515 4509 4518 4560 4610 4670 4723 4761 4764 4761 4763 4763 4726 4677 4633 4602 4603 4578 4565 4547 111030
              MEAN   147  147  147  146  146  145  146  147  149  151  152  154  154  154  154  154  152  151  149  148  148  148  147  147   3582
              MAX    158  159  159  159  158  157  159  159  159  160  162  166  165  166  163  167  161  162  161  163  162  163  159  157   3781
                N     31   31   31   31   31   31   31   31   31   31   31   31   31   31   31   31   31   31   31   31   31   31   31   31     31
              NOTE                                                                                                                                
                                                                                                                                                  
                   *): WITH MISSING DATA; TOTAL,MEAN,MAXIMUM ESTIMATED                                                                            
                                                                                                                                                  
                                                                                                                                                  
