                                                                                                                                                  
                                                                                                                                                  
                                                                *******************************                                                   
                                                                  DOWNWARD LONGWAVE RADIATION                                                     
                                                                *******************************                                                   
                                                                                                                  COUNTRY = JAPAN                 
                                                                                                                                                  
                                                                                                                                                  
                                                                     UNIT  = 0.01 MJ/m**2                                                         
                        STATION    : Tateno                                                                                                       
                        STATION NO.: 47646                                                                                                        
                        LOCATION   : 140ﾟ08' E                                                                                                    
                                      36ﾟ03' N                                                                                                    
                        ALTITUDE   :   25.2  m                                                                                                    
                        YEAR/MONTH : 2023/06                                                                                                      
                                                                                                                                                  
              DATE   -01  -02  -03  -04  -05  -06  -07  -08  -09  -10  -11  -12  -13  -14  -15  -16  -17  -18  -19  -20  -21  -22  -23  -24  TOTAL
                                                                                                                                                  
               6 1   113  113  112  112  112  112  113  115  117  119  135  144  143  138  132  129  128  129  132  140  146  144  145  147   3070
               6 2   147  147  148  148  147  148  148  150  150  151  153  151  151  153  155  156  154  150  151  152  154  156  156  153   3629
               6 3   151  150  150  149  149  149  148  145  147  145  144  144  143  142  129  126  124  123  123  120  118  115  115  113   3262
               6 4   113  110  109  112  113  115  114  116  116  120  124  125  127  135  140  139  137  134  131  130  128  130  129  129   2976
               6 5   126  128  128  125  124  124  122  124  126  126  128  132  126  126  128  136  139  136  130  128  126  123  122  125   3058
               6 6   124  119  118  118  119  119  120  126  133  135  138  139  140  141  142  143  143  142  142  141  140  141  142  142   3207
               6 7   142  143  142  143  139  136  130  126  123  125  127  129  132  133  132  133  134  131  131  130  128  127  127  135   3178
               6 8   132  139  142  134  124  124  125  132  132  130  136  135  141  143  144  143  143  143  143  143  144  144  146  148   3310
               6 9   148  147  146  147  148  149  149  150  151  151  152  152  152  152  149  149  151  143  146  149  146  151  149  148   3575
               610   147  147  147  147  147  147  140  139  149  150  144  145  149  151  148  148  144  141  142  141  138  140  140  139   3470
               611   142  140  140  142  146  147  147  148  149  149  149  148  150  150  150  149  150  149  148  147  148  149  149  150   3536
               612   150  149  149  149  149  150  150  150  150  150  150  150  150  150  151  151  150  150  151  151  150  150  149  148   3597
               613   148  146  149  149  148  149  150  151  146  148  148  149  148  145  142  143  143  144  145  145  143  140  144  146   3509
               614   145  152  151  151  151  152  152  153  155  155  151  152  153  151  152  151  149  149  150  151  148  150  148  149   3621
               615   150  150  149  147  149  149  148  148  146  151  151  153  153  153  151  149  149  149  147  149  150  150  150  150   3591
               616   150  150  150  149  149  147  138  145  146  139  140  135  141  151  147  147  146  138  140  132  132  131  128  128   3399
               617   126  124  123  122  121  121  121  122  123  125  129  131  132  136  138  138  137  137  136  133  131  131  131  131   3099
               618   131  131  130  129  129  127  129  130  133  134  140  143  145  147  144  143  141  139  139  138  136  136  136  135   3265
               619   132  131  131  131  133  134  138  147  147  143  134  138  134  133  134  131  135  133  141  133  135  137  139  142   3266
               620   144  143  143  143  143  142  143  143  140  146  145  146  143  145  140  137  138  133  131  126  135  125  124  134   3332
               621   123  122  125  127  124  122  125  125  139  137  131  131  135  137  138  136  136  133  133  130  130  133  133  139   3144
               622   140  141  141  143  141  140  143  143  145  145  146  143  143  143  143  142  143  144  143  142  143  143  143  143   3426
               623   143  143  143  143  144  144  144  144  146  147  148  149  150  150  150  150  149  149  150  150  146  147  144  147   3520
               624   145  145  147  146  135  135  134  133  138  142  142  145  148  144  144  145  145  144  146  148  149  143  140  144   3427
               625   143  137  146  146  145  136  132  135  142  140  143  149  145  144  142  141  140  142  150  140  142  139  141  136   3396
               626   138  136  139  137  149  152  153  151  147  146  151  151  150  149  147  148  148  154  148  150  146  145  150  144   3529
               627   140  141  142  140  139  144  148  147  149  153  153  154  153  153  154  154  152  151  149  147  145  143  145  148   3544
               628   140  140  139  140  151  146  149  154  157  156  159  159  153  157  158  158  154  155  152  154  153  147  149  152   3632
               629   154  151  154  154  154  154  155  155  154  148  152  149  149  151  157  153  155  154  145  145  145  144  145  148   3625
               630   150  150  147  144  146  149  152  153  154  158  160  157  156  158  157  158  156  157  157  155  154  156  156  155   3695
              ------------------------------------------------------------------------------------------------------------------------------------
              TOTAL 4177 4165 4180 4167 4168 4163 4160 4200 4250 4264 4303 4328 4335 4361 4338 4326 4313 4276 4272 4240 4229 4210 4215 4248 101888
              MEAN   139  139  139  139  139  139  139  140  142  142  143  144  145  145  145  144  144  143  142  141  141  140  141  142   3396
              MAX    154  152  154  154  154  154  155  155  157  158  160  159  156  158  158  158  156  157  157  155  154  156  156  155   3695
                N     30   30   30   30   30   30   30   30   30   30   30   30   30   30   30   30   30   30   30   30   30   30   30   30     30
              NOTE                                                                                                                                
                                                                                                                                                  
                   *): WITH MISSING DATA; TOTAL,MEAN,MAXIMUM ESTIMATED                                                                            
                                                                                                                                                  
                                                                                                                                                  
                                                                                                                                                  
