                                                                                                                                                  
                                                                                                                                                  
                                                                *******************************                                                   
                                                                  DOWNWARD LONGWAVE RADIATION                                                     
                                                                *******************************                                                   
                                                                                                                  COUNTRY = JAPAN                 
                                                                                                                                                  
                                                                                                                                                  
                                                                     UNIT  = 0.01 MJ/m**2                                                         
                        STATION    : Tateno                                                                                                       
                        STATION NO.: 47646                                                                                                        
                        LOCATION   : 140ﾟ08' E                                                                                                    
                                      36ﾟ03' N                                                                                                    
                        ALTITUDE   :   25.2  m                                                                                                    
                        YEAR/MONTH : 2023/12                                                                                                      
                                                                                                                                                  
              DATE   -01  -02  -03  -04  -05  -06  -07  -08  -09  -10  -11  -12  -13  -14  -15  -16  -17  -18  -19  -20  -21  -22  -23  -24  TOTAL
                                                                                                                                                  
              12 1   107  102   89   99  112  112  104  101  103   97   91  100  103   96   94   94   94   93   93   93   93   93   91   90   2344
              12 2    88   88   87   87   86   87   86   87   88   90   92   93   95   95   96   96   95   95   94   95   93   93   92   91   2189
              12 3    90   90   89   89   90   90   89   89   90   91   93   94   95   95   96   98   97   95   94   92   92   91   90   90   2209
              12 4    90   89   89   89   89   89   88   88   89   91   92   93   93   94   94   95   95   94   93   92   92   93   92   92   2195
              12 5    92   93   94  100   98  105  103  110  110  116  115  119  118  117  118  117  117  117  118  118  119  125  126  124   2689
              12 6   123  123  123  124  124  125  124  124  125  115  103  104  108  110  106  103  103  102  103  105  108  111  110  107   2713
              12 7   104  105  110  108  108  106  103   99   98   99   99  103  106  109  109  106  101   99   97   94   93   92   91   91   2430
              12 8    91   91   92   93   93   93   93   93   93   95   97   98  100  101  102  103  103  103  101  102  101  102  103  108   2351
              12 9   107  108  102   99   96   95   94   94   94   95   97   99  100  101  102  104  104  102  103  103  103  106  104  104   2416
              1210   104  100   97   97   97   97   98   97   99  101  104  106  108  108  109  110  110  110  109  109  110  111  109  115   2515
              1211   116  117  127  111  109  114  120  122  116  119  124  130  130  130  128  133  129  124  120  120  122  117  126  127   2931
              1212   129  130  130  129  131  130  130  130  131  132  132  134  131  134  135  123  125  127  130  130  129  127  126  122   3107
              1213   113  108  100  108  103   93   92   91   91   92   92   94   94   96   97   97   95   94   93   93   92   92   91   92   2303
              1214    93   94   96   98   97   94   92   95   93   94   96   99  102  102  103  104  104  106  104  117  123  124  125  124   2479
              1215   122  126  127  127  127  127  126  126  127  127  127  129  130  130  130  131  131  132  133  127  115  115  115  115   3022
              1216   115  118  119  117  118  118  131  133  127  129  134  124  122  122  128  132  132  132  136  133  130  126  122  114   3012
              1217   111  110  107  107   99  104  115  101   94   91   89   89   89   89   88   88   87   86   85   84   82   81   81   81   2238
              1218    81   82   82   82   81   82   82   82   83   84   85   89   89   87   88   89   90   91   90   90   87   90   93   97   2076
              1219    98  104  110  101  106  111  107  110  108  110  112  114  114  101  102  107  110  104  106  108  113  115  115  113   2599
              1220   109  107  104  103  104  105  100   98   96   96   96   93   93   94   96   97   97   95   94   94   93   93   93   93   2343
              1221    95  104  102   94   88   87   87   88   87   88   89   90   90   92   89   88   87   86   85   83   81   81   80   80   2121
              1222    79   79   79   79   80   80   79   79   80   81   83   83   84   85   85   86   88   86   82   81   83   82   80   80   1963
              1223    80   79   79   79   79   79   79   79   79   81   82   84   85   85   86   86   86   86   85   85   86   84   84   86   1983
              1224    86   86   88   89   91   93   97   99  106  111  113  110  106  113  110  105   93   90   90   90   89   88   87   87   2317
              1225    86   85   84   83   82   82   82   83   84   85   87   89   90   92   93   93   92   92   90   90   89   88   88   87   2096
              1226    86   86   85   84   83   82   82   82   84   85   87   88   91   93   95   95   95   96   95   95   93   92   90   89   2133
              1227    88   89   88   89   90   88   87   87   91   96   98  104  102   97   94   94   93  100   99   94   96   89   92   98   2243
              1228    94   91   89   88   92  111  114  108  104  108  113  109  105   95   97   97  100   99  107  116  102   93   92   92   2416
              1229    91   89   88   88   88   87   87   87   87   89   91   93   94   96   96   97   96   96   96   96   96   96   96   95   2215
              1230    94   94   95  101   96   93   91   96   96   94   96   98  100  104  107  110  110  107  117  122  101   99  105  113   2439
              1231   114  115  110  115  118  120  122  122  122  119  114  104  103  104  105  108  125  126  119  121  109  103  106  112   2736
              ------------------------------------------------------------------------------------------------------------------------------------
              TOTAL 3076 3082 3061 3057 3055 3079 3084 3080 3075 3101 3123 3156 3170 3167 3178 3186 3184 3165 3161 3172 3115 3092 3095 3109  74823
              MEAN    99   99   99   99   99   99   99   99   99  100  101  102  102  102  103  103  103  102  102  102  100  100  100  100   2414
              MAX    129  130  130  129  131  130  131  133  131  132  134  134  131  134  135  133  132  132  136  133  130  127  126  127   3107
                N     31   31   31   31   31   31   31   31   31   31   31   31   31   31   31   31   31   31   31   31   31   31   31   31     31
              NOTE                                                                                                                                
                                                                                                                                                  
                   *): WITH MISSING DATA; TOTAL,MEAN,MAXIMUM ESTIMATED                                                                            
                                                                                                                                                  
                                                                                                                                                  
