                                                                                                                                                  
                                                                                                                                                  
                                                                *******************************                                                   
                                                                  DOWNWARD LONGWAVE RADIATION                                                     
                                                                *******************************                                                   
                                                                                                                  COUNTRY = JAPAN                 
                                                                                                                                                  
                                                                                                                                                  
                                                                     UNIT  = 0.01 MJ/m**2                                                         
                        STATION    : Tateno                                                                                                       
                        STATION NO.: 47646                                                                                                        
                        LOCATION   : 140ﾟ08' E                                                                                                    
                                      36ﾟ03' N                                                                                                    
                        ALTITUDE   :   25.2  m                                                                                                    
                        YEAR/MONTH : 2023/11                                                                                                      
                                                                                                                                                  
              DATE   -01  -02  -03  -04  -05  -06  -07  -08  -09  -10  -11  -12  -13  -14  -15  -16  -17  -18  -19  -20  -21  -22  -23  -24  TOTAL
                                                                                                                                                  
              11 1   116  115  114  113  112  110  110  110  111  114  116  117  119  122  121  120  119  118  117  116  117  116  115  113   2771
              11 2   111  110  109  110  108  108  117  125  131  120  118  122  124  120  120  121  120  119  119  118  116  115  114  113   2808
              11 3   110  109  109  108  107  108  111  113  114  116  119  120  121  121  122  123  121  118  118  119  119  118  117  114   2775
              11 4   114  114  122  138  132  124  126  114  113  116  118  123  129  127  129  129  132  129  124  124  124  130  134  127   2992
              11 5   124  133  131  133  125  123  131  125  128  127  131  130  133  132  132  133  129  125  124  123  121  121  121  122   3057
              11 6   127  132  135  143  142  134  135  131  127  128  133  135  139  146  147  144  134  134  134  143  143  146  143  149   3304
              11 7   149  148  151  150  151  152  153  153  152  154  153  150  149  149  148  137  125  123  122  125  119  114  112  109   3348
              11 8   108  107  106  106  105  103  102  103  104  106  107  108  109  109  110  110  109  108  108  107  107  107  108  106   2563
              11 9   106  112  124  118  120  119  115  113  113  114  112  113  119  117  120  130  115  116  117  113  113  113  114  114   2780
              1110   115  113  115  113  116  124  122  129  132  135  135  135  136  135  135  139  140  140  140  139  139  139  123  121   3110
              1111   119  116  113  114  110  109  107  112  122  123  123  126  129  129  128  128  128  127  126  125  124  121  117  116   2892
              1112   114  124  124  124  124  124  124  124  125  125  125  126  127  127  127  127  127  127  127  128  127  126  126  126   3005
              1113   126  127  125  124  120  118  117  113  103  103   98  106  106   99   97   96   94   92   92   92   92   92   91   91   2514
              1114    91   91   90   90   90   91   91   92   93   95   97   99  101  101  101  101  101  101  100  103  109  111  110  125   2374
              1115   126  127  126  124  123  120  116  120  115  119  128  124  126  120  122  120  119  111  103  102  102  101  100  100   2794
              1116    99   98   98   97   96   96   95   96   97  100  101  103  104  106  110  115  111  111  112  116  128  129  130  130   2578
              1117   132  132  130  131  132  133  134  132  132  131  133  135  135  130  133  134  134  129  125  131  120  125  125  127   3135
              1118   113  107  106   98   96   98  110   98   97   95   98  105  120  121  118  108  108  101   91   89   89   90   90   90   2436
              1119    91   91   92   93   93   94   94   95   98  101  102  103  104  105  105  105  105  103  102  101  102  102  103  102   2386
              1120   100   97   97   96   94   94   96   98  101  102  102  102  101  101  100   99   96   95   94   94   94   94   93   92   2332
              1121    92   91   91   91   90   91   91   91   93   96   99  117  114  123  125  119  107  106  105  106  105  106  105  101   2455
              1122   100   99   97   96   96   95   95   96   97   99  102  103  106  108  110  112  113  112  112  112  116  126  129  129   2560
              1123   114  117  121  127  133  130  130  123  117  121  129  118  120  120  120  116  113  110  109  109  109  108  107  105   2826
              1124   103  103  102  102  102  102  103  104  107  109  112  114  115  115  115  115  112  113  122  120  103  106  103   95   2597
              1125    93   92   91   90   90   89   88   88   90   91   97   98   95   96  103  111  119  112  100  115  116  119  119  119   2421
              1126   119  120  121  121  120  121  121  121  122  122  122  122  123  124  124  124  125  125  125  125  125  125  125  126   2948
              1127   125  124  124  123  123  123  123  121  117  108  101  100  101  102  103  104  105  108  106  106  107  106  106  106   2672
              1128   105  104  105  105  105  106  106  106  107  106  107  110  112  113  118  130  122  108   98   97   96   94   93   91   2544
              1129    91   91   91   91   91   91   91   91   93   96   98   99  101  102  102  103  102  101  100   99   99   99  102  101   2325
              1130   101  101  101  100   98   94   93   93   94   95   97   98   99   98   98  105  114  101   99  100  101   98   97  108   2383
              ------------------------------------------------------------------------------------------------------------------------------------
              TOTAL 3334 3345 3361 3369 3344 3324 3347 3330 3345 3367 3413 3461 3517 3518 3543 3558 3499 3423 3371 3397 3382 3397 3372 3368  81685
              MEAN   111  112  112  112  111  111  112  111  112  112  114  115  117  117  118  119  117  114  112  113  113  113  112  112   2723
              MAX    149  148  151  150  151  152  153  153  152  154  153  150  149  149  148  144  140  140  140  143  143  146  143  149   3348
                N     30   30   30   30   30   30   30   30   30   30   30   30   30   30   30   30   30   30   30   30   30   30   30   30     30
              NOTE                                                                                                                                
                                                                                                                                                  
                   *): WITH MISSING DATA; TOTAL,MEAN,MAXIMUM ESTIMATED                                                                            
                                                                                                                                                  
                                                                                                                                                  
                                                                                                                                                  
