                                                                                                                                                  
                                                                                                                                                  
                                                                *******************************                                                   
                                                                  DOWNWARD LONGWAVE RADIATION                                                     
                                                                *******************************                                                   
                                                                                                                  COUNTRY = JAPAN                 
                                                                                                                                                  
                                                                                                                                                  
                                                                     UNIT  = 0.01 MJ/m**2                                                         
                        STATION    : Tateno                                                                                                       
                        STATION NO.: 47646                                                                                                        
                        LOCATION   : 140ﾟ08' E                                                                                                    
                                      36ﾟ03' N                                                                                                    
                        ALTITUDE   :   25.2  m                                                                                                    
                        YEAR/MONTH : 2023/09                                                                                                      
                                                                                                                                                  
              DATE   -01  -02  -03  -04  -05  -06  -07  -08  -09  -10  -11  -12  -13  -14  -15  -16  -17  -18  -19  -20  -21  -22  -23  -24  TOTAL
                                                                                                                                                  
               9 1   140  139  138  138  137  137  137  143  143  150  152  148  146  147  146  148  147  147  146  147  147  145  145  144   3457
               9 2   144  144  144  143  143  143  144  149  155  154  157  155  155  156  159  164  154  153  153  148  148  148  146  145   3604
               9 3   147  144  143  142  142  142  142  144  146  151  154  156  151  151  152  152  153  154  153  152  157  157  157  159   3601
               9 4   160  159  159  158  160  160  160  159  159  160  161  161  162  162  161  162  162  158  156  159  158  160  159  158   3833
               9 5   157  153  158  151  151  159  158  157  152  157  160  161  158  156  156  156  154  153  152  151  150  159  154  155   3728
               9 6   152  149  152  152  152  152  155  159  156  157  157  156  155  155  159  159  160  156  153  155  152  150  150  149   3702
               9 7   149  150  145  141  140  138  139  141  144  146  147  150  150  150  150  149  149  149  149  148  149  151  153  151   3528
               9 8   150  151  151  152  152  153  153  152  152  149  149  151  153  154  155  156  156  157  158  158  157  157  155  155   3686
               9 9   155  155  155  154  155  157  156  156  158  159  163  162  162  158  154  152  149  148  147  155  152  145  144  143   3694
               910   142  145  143  141  142  142  143  146  149  152  154  155  155  156  157  153  152  152  151  150  148  147  145  145   3565
               911   150  148  149  144  140  142  146  148  149  150  159  161  156  161  164  160  154  150  151  151  149  147  146  145   3620
               912   147  156  149  145  149  148  145  146  145  149  160  158  155  156  149  150  148  145  143  140  139  138  136  136   3532
               913   136  137  136  134  133  133  135  137  139  142  144  145  148  149  154  154  150  148  147  145  144  145  150  145   3430
               914   145  144  144  145  156  156  155  149  151  156  159  153  153  152  152  153  152  150  150  149  148  148  149  148   3617
               915   147  147  148  149  147  146  148  149  151  154  157  156  156  155  154  155  154  149  148  153  153  157  154  153   3640
               916   154  147  152  147  146  153  159  159  159  161  159  164  164  164  157  159  161  155  157  157  157  157  158  158   3764
               917   153  152  151  149  148  154  152  160  162  164  163  162  160  154  154  152  151  150  148  148  147  147  147  147   3675
               918   146  145  146  145  145  145  145  150  152  152  156  157  153  152  152  150  149  147  146  145  144  143  142  142   3549
               919   142  142  142  142  141  140  141  144  147  152  153  150  152  152  152  152  151  150  150  150  153  154  153  148   3553
               920   147  146  145  146  146  145  146  150  153  152  152  156  161  160  160  157  157  161  158  156  155  154  152  150   3665
               921   150  153  154  153  154  148  148  151  155  159  158  160  158  159  160  156  156  154  155  152  151  154  161  161   3720
               922   156  156  158  157  151  153  155  154  154  157  159  155  154  155  152  154  155  151  154  154  154  152  153  154   3707
               923   150  150  151  151  150  150  150  151  151  151  150  151  151  153  151  150  148  147  146  145  147  146  144  144   3578
               924   143  141  142  138  135  129  127  126  128  127  127  129  131  128  126  125  124  123  121  120  120  119  119  120   3068
               925   119  118  118  118  117  116  119  124  128  145  143  134  132  130  136  138  135  133  135  139  132  129  129  129   3096
               926   128  128  132  134  135  130  128  131  138  138  143  151  148  152  152  150  144  138  142  139  137  139  145  145   3347
               927   147  147  147  147  147  149  149  148  149  150  148  154  151  148  146  149  146  144  147  145  148  150  151  153   3560
               928   150  151  147  143  149  153  152  154  154  156  151  154  150  148  150  151  152  151  150  148  149  145  144  144   3596
               929   151  153  153  151  149  145  147  142  144  148  150  152  148  144  145  150  145  140  138  142  148  152  152  152   3541
               930   152  147  141  142  146  143  138  134  140  147  150  155  155  155  147  142  141  141  141  142  146  143  143  144   3475
              ------------------------------------------------------------------------------------------------------------------------------------
              TOTAL 4409 4397 4393 4352 4358 4361 4372 4413 4463 4545 4595 4612 4583 4572 4562 4558 4509 4454 4445 4443 4439 4438 4436 4422 107131
              MEAN   147  147  146  145  145  145  146  147  149  152  153  154  153  152  152  152  150  148  148  148  148  148  148  147   3571
              MAX    160  159  159  158  160  160  160  160  162  164  163  164  164  164  164  164  162  161  158  159  158  160  161  161   3833
                N     30   30   30   30   30   30   30   30   30   30   30   30   30   30   30   30   30   30   30   30   30   30   30   30     30
              NOTE                                                                                                                                
                                                                                                                                                  
                   *): WITH MISSING DATA; TOTAL,MEAN,MAXIMUM ESTIMATED                                                                            
                                                                                                                                                  
                                                                                                                                                  
                                                                                                                                                  
