                                                                                                                                                  
                                                                                                                                                  
                                                                *******************************                                                   
                                                                  DOWNWARD LONGWAVE RADIATION                                                     
                                                                *******************************                                                   
                                                                                                                  COUNTRY = JAPAN                 
                                                                                                                                                  
                                                                                                                                                  
                                                                     UNIT  = 0.01 MJ/m**2                                                         
                        STATION    : Tateno                                                                                                       
                        STATION NO.: 47646                                                                                                        
                        LOCATION   : 140ﾟ08' E                                                                                                    
                                      36ﾟ03' N                                                                                                    
                        ALTITUDE   :   25.2  m                                                                                                    
                        YEAR/MONTH : 2023/05                                                                                                      
                                                                                                                                                  
              DATE   -01  -02  -03  -04  -05  -06  -07  -08  -09  -10  -11  -12  -13  -14  -15  -16  -17  -18  -19  -20  -21  -22  -23  -24  TOTAL
                                                                                                                                                  
               5 1   137  132  132  132  131  127  126  119  119  134  136  132  117  116  116  120  117  115  116  131  136  134  128  116   3019
               5 2   122  118  101   99   98   99  101  102  104  109  108  109  110  110  110  110  109  109  108  106  105  104  103  103   2557
               5 3   104  103  103  103  103  102  102  103  105  106  108  114  124  122  113  113  114  113  112  111  114  113  113  115   2633
               5 4   115  111  111  111  110  110  110  111  113  114  117  119  121  123  120  118  117  116  115  114  114  113  111  110   2744
               5 5   111  110  111  111  113  113  113  116  119  119  119  118  119  120  122  121  121  122  122  121  125  127  126  126   2845
               5 6   126  126  126  126  125  126  126  128  131  133  133  134  133  136  143  137  136  132  131  130  133  137  139  141   3168
               5 7   145  144  139  143  145  145  145  146  141  138  138  137  136  135  135  135  134  134  133  133  133  133  133  133   3313
               5 8   132  133  132  133  133  134  132  129  131  131  133  131  130  127  127  129  124  108  110  106  104  101  100  100   2950
               5 9    98  102  104  106  106  104  100   99   99  103  102  102  105  107  107  105  105  104  104  104  103  102  102  102   2475
               510   103  102  101  100   99   99  100  102  105  106  109  111  112  114  115  116  116  116  114  116  116  123  127  127   2649
               511   115  121  110  119  115  107  106  109  116  111  108  108  109  125  121  125  123  116  114  111  108  107  106  106   2716
               512   105  106  104  103  102  104  114  113  120  119  125  125  117  113  112  112  113  113  123  130  132  133  135  134   2807
               513   135  134  134  134  132  132  131  130  125  134  134  139  138  138  137  139  136  135  132  133  132  131  131  130   3206
               514   128  131  135  134  131  129  128  129  131  128  134  137  129  125  128  133  137  137  137  137  138  138  137  136   3187
               515   135  137  136  138  138  136  138  136  134  135  138  140  137  140  136  134  134  133  133  130  126  122  115  119   3200
               516   115  113  112  111  111  110  110  111  113  115  117  120  127  125  122  120  120  120  120  119  118  117  116  116   2798
               517   115  114  114  113  112  113  115  117  120  123  124  128  129  131  132  133  131  130  129  127  126  126  125  124   2951
               518   123  121  121  120  119  118  118  122  124  127  130  132  135  132  132  134  131  131  130  132  131  132  131  133   3059
               519   127  128  132  134  136  138  139  138  140  142  144  144  146  145  144  146  146  144  143  141  140  141  143  143   3364
               520   143  144  142  141  143  143  144  145  144  144  145  146  144  144  143  142  141  132  131  121  124  126  120  119   3311
               521   119  119  131  140  133  126  124  136  139  134  148  145  145  147  145  141  135  133  130  128  128  129  131  130   3216
               522   139  128  126  140  126  126  127  132  137  140  137  139  139  136  136  136  139  150  146  145  140  138  137  136   3275
               523   136  135  135  135  136  135  135  135  134  134  135  134  135  134  134  134  134  132  130  131  131  132  128  122   3196
               524   115  114  108  112  123  115  105  106  108  109  110  112  115  117  121  126  117  117  113  112  111  110  109  108   2713
               525   108  106  106  110  109  111  110  115  122  125  125  129  129  129  132  134  132  124  124  123  121  121  120  115   2880
               526   114  114  113  113  113  115  118  123  128  131  134  133  128  130  137  137  136  136  130  120  124  123  123  120   2993
               527   120  120  119  120  118  118  119  121  123  125  126  129  131  131  131  141  131  127  126  124  122  122  122  123   2989
               528   122  122  118  119  124  128  126  124  135  133  135  136  129  128  129  140  140  137  140  142  142  143  142  142   3176
               529   140  141  142  143  143  141  143  144  144  146  145  146  148  148  148  145  147  148  148  148  147  146  145  145   3481
               530   145  145  145  145  146  148  148  146  147  144  143  136  134  133  133  136  133  135  136  133  141  143  141  142   3378
               531   142  141  140  139  135  136  138  138  138  138  138  138  137  138  132  135  133  119  118  117  115  114  114  115   3148
              ------------------------------------------------------------------------------------------------------------------------------------
              TOTAL 3834 3815 3783 3827 3808 3788 3791 3825 3889 3930 3978 4003 3988 3999 3993 4027 3982 3918 3898 3876 3880 3881 3853 3831  93397
              MEAN   124  123  122  123  123  122  122  123  125  127  128  129  129  129  129  130  128  126  126  125  125  125  124  124   3013
              MAX    145  145  145  145  146  148  148  146  147  146  148  146  148  148  148  146  147  150  148  148  147  146  145  145   3481
                N     31   31   31   31   31   31   31   31   31   31   31   31   31   31   31   31   31   31   31   31   31   31   31   31     31
              NOTE                                                                                                                                
                                                                                                                                                  
                   *): WITH MISSING DATA; TOTAL,MEAN,MAXIMUM ESTIMATED                                                                            
                                                                                                                                                  
                                                                                                                                                  
