                                                                                                                                                  
                                                                                                                                                  
                                                                *******************************                                                   
                                                                  DOWNWARD LONGWAVE RADIATION                                                     
                                                                *******************************                                                   
                                                                                                                  COUNTRY = JAPAN                 
                                                                                                                                                  
                                                                                                                                                  
                                                                     UNIT  = 0.01 MJ/m**2                                                         
                        STATION    : Tateno                                                                                                       
                        STATION NO.: 47646                                                                                                        
                        LOCATION   : 140ﾟ08' E                                                                                                    
                                      36ﾟ03' N                                                                                                    
                        ALTITUDE   :   25.2  m                                                                                                    
                        YEAR/MONTH : 2023/10                                                                                                      
                                                                                                                                                  
              DATE   -01  -02  -03  -04  -05  -06  -07  -08  -09  -10  -11  -12  -13  -14  -15  -16  -17  -18  -19  -20  -21  -22  -23  -24  TOTAL
                                                                                                                                                  
              10 1   145  147  149  149  150  149  150  153  155  154  157  156  153  159  159  157  155  151  149  146  143  146  146  145   3623
              10 2   143  142  140  134  134  141  133  127  126  132  132  131  133  140  137  135  137  138  133  138  134  131  128  131   3230
              10 3   125  128  118  115  113  111  112  112  116  119  122  122  126  126  128  132  137  140  139  138  139  140  142  144   3044
              10 4   145  142  141  144  143  142  140  142  139  138  139  141  142  142  142  143  144  145  145  146  145  145  145  144   3424
              10 5   141  137  134  135  134  133  135  138  136  137  136  136  135  135  136  136  125  119  114  111  110  110  108  108   3079
              10 6   108  107  107  107  106  105  106  108  109  111  113  115  114  114  114  114  113  111  111  113  112  110  110  116   2654
              10 7   119  119  118  119  114  117  122  117  113  111  112  113  114  118  122  123  119  115  114  113  112  110  109  108   2771
              10 8   107  107  108  120  116  114  121  117  122  120  123  130  133  134  135  135  136  136  139  140  139  140  140  138   3050
              10 9   138  138  138  138  139  140  140  141  140  140  141  142  143  144  144  144  143  143  137  134  141  143  142  143   3376
              1010   143  144  143  142  141  143  140  139  144  140  140  133  136  144  147  140  143  143  137  131  124  118  117  117   3289
              1011   114  114  114  112  113  114  114  113  114  117  119  126  132  131  133  126  120  118  117  116  114  113  111  111   2826
              1012   112  120  113  111  110  109  109  110  112  115  115  116  118  119  118  117  117  117  119  127  131  126  134  119   2814
              1013   126  111  116  112  107  106  106  107  108  108  108  107  108  110  113  112  112  111  110  112  112  111  108  107   2648
              1014   107  107  106  106  105  104  104  105  111  124  115  117  121  121  123  124  128  127  129  131  128  134  136  137   2850
              1015   138  140  138  136  135  136  137  138  138  139  140  141  140  140  139  138  129  122  115  113  112  111  111  111   3137
              1016   111  111  110  111  111  111  110  111  113  115  118  119  121  121  122  123  125  122  121  120  121  118  119  119   2803
              1017   119  116  114  112  112  112  110  111  113  115  116  117  117  117  114  114  116  115  116  117  124  121  115  116   2769
              1018   112  111  111  110  110  109  108  110  113  117  119  122  127  125  127  125  123  122  123  126  134  128  124  123   2859
              1019   120  118  115  113  113  111  109  110  113  116  118  119  122  123  126  128  126  125  127  126  125  123  121  119   2866
              1020   118  116  116  115  116  117  118  119  120  122  132  129  131  133  130  129  134  134  140  137  142  136  134  136   3054
              1021   138  133  135  135  135  132  129  131  128  124  128  126  116  132  133  118  115  128  120  127  128  123  126  113   3053
              1022   100   99   98   97   96   96   96   97   99  102  104  106  109  108  109  110  110  109  108  108  108  110  110  109   2498
              1023   107  105  102  101  101  100  101  101  107  105  109  109  113  115  113  114  116  113  115  113  112  111  110  109   2602
              1024   109  109  109  115  117  110  111  111  116  120  120  128  124  127  122  120  120  119  118  117  117  116  116  118   2809
              1025   119  122  126  124  114  111  110  111  113  117  121  126  128  129  132  129  131  132  126  121  123  125  118  111   2919
              1026   110  109  108  108  107  106  105  105  108  109  110  113  114  115  116  117  117  115  115  115  116  122  131  126   2717
              1027   116  114  112  110  110  110  109  110  112  115  116  118  121  124  125  125  118  116  115  115  115  114  114  114   2768
              1028   115  114  114  114  119  119  119  124  136  136  134  132  126  119  116  115  114  114  124  132  129  117  112  112   2906
              1029   113  120  117  124  130  129  129  131  131  131  132  131  131  128  131  129  119  112  110  110  113  109  106  106   2922
              1030   106  105  105  105  104  104  104  107  109  111  112  114  116  124  133  124  114  113  119  132  134  134  133  125   2787
              1031   119  115  113  118  124  129  126  123  117  114  124  122  128  135  136  134  132  128  128  127  125  119  125  121   2982
              ------------------------------------------------------------------------------------------------------------------------------------
              TOTAL 3743 3720 3688 3692 3679 3670 3663 3679 3731 3774 3825 3857 3892 3952 3975 3930 3888 3853 3833 3852 3862 3814 3801 3756  91129
              MEAN   121  120  119  119  119  118  118  119  120  122  123  124  126  127  128  127  125  124  124  124  125  123  123  121   2940
              MAX    145  147  149  149  150  149  150  153  155  154  157  156  153  159  159  157  155  151  149  146  145  146  146  145   3623
                N     31   31   31   31   31   31   31   31   31   31   31   31   31   31   31   31   31   31   31   31   31   31   31   31     31
              NOTE                                                                                                                                
                                                                                                                                                  
                   *): WITH MISSING DATA; TOTAL,MEAN,MAXIMUM ESTIMATED                                                                            
                                                                                                                                                  
                                                                                                                                                  
