                                                                                                                                                  
                                                                                                                                                  
                                                                *******************************                                                   
                                                                  DOWNWARD LONGWAVE RADIATION                                                     
                                                                *******************************                                                   
                                                                                                                  COUNTRY = JAPAN                 
                                                                                                                                                  
                                                                                                                                                  
                                                                     UNIT  = 0.01 MJ/m**2                                                         
                        STATION    : Tateno                                                                                                       
                        STATION NO.: 47646                                                                                                        
                        LOCATION   : 140ﾟ08' E                                                                                                    
                                      36ﾟ03' N                                                                                                    
                        ALTITUDE   :   25.2  m                                                                                                    
                        YEAR/MONTH : 2024/06                                                                                                      
                                                                                                                                                  
              DATE   -01  -02  -03  -04  -05  -06  -07  -08  -09  -10  -11  -12  -13  -14  -15  -16  -17  -18  -19  -20  -21  -22  -23  -24  TOTAL
                                                                                                                                                  
               6 1   139  139  138  139  138  137  137  131  129  131  130  135  131  126  125  125  125  130  134  136  134  136  136  139   3200
               6 2   138  137  136  137  137  133  129  133  136  134  136  140  134  141  141  141  139  138  139  141  141  139  140  141   3301
               6 3   141  138  140  139  139  138  138  139  139  138  135  137  137  131  127  125  126  130  138  143  141  138  137  137   3271
               6 4   125  117  115  115  114  114  115  116  118  126  134  141  142  132  135  127  123  122  129  136  133  133  124  123   3009
               6 5   123  126  126  130  114  114  115  117  119  126  132  129  133  126  126  125  124  123  122  125  135  131  121  128   2990
               6 6   131  121  124  142  143  142  142  140  141  141  140  145  141  144  143  140  133  134  135  138  134  132  129  133   3288
               6 7   132  133  133  134  139  133  132  133  138  137  137  140  138  137  130  126  126  125  123  123  122  122  121  120   3134
               6 8   119  119  118  118  117  118  119  121  123  122  123  121  125  128  128  130  133  139  130  136  132  128  128  127   3002
               6 9   130  129  127  130  130  133  132  140  141  145  145  145  146  146  145  147  144  143  143  144  143  144  142  144   3358
               610   145  145  142  140  139  141  143  140  143  138  143  147  147  147  147  148  147  146  147  146  146  146  142  137   3452
               611   135  133  141  133  138  130  129  134  133  134  136  139  136  136  138  139  139  137  136  134  132  132  131  128   3233
               612   127  127  130  128  127  127  129  132  133  138  140  138  140  146  147  140  138  136  134  131  130  128  128  127   3201
               613   127  129  129  131  140  134  136  138  142  141  142  143  143  142  141  141  137  131  130  130  132  131  130  131   3251
               614   131  130  130  129  129  128  129  131  134  137  141  142  143  147  149  148  144  142  139  138  136  134  132  130   3273
               615   128  127  126  126  127  128  130  129  133  135  136  138  138  139  141  142  140  143  143  144  146  146  147  148   3280
               616   149  152  148  147  146  146  146  145  145  146  143  148  143  142  143  141  142  143  141  139  140  142  141  145   3463
               617   146  145  146  141  142  143  142  142  150  145  151  153  155  154  152  149  149  148  149  149  149  149  150  150   3549
               618   149  149  147  148  149  144  144  144  144  145  144  146  146  146  147  146  147  147  144  144  142  139  140  132   3473
               619   128  127  124  122  122  123  123  125  127  129  130  132  134  134  135  135  135  135  133  131  129  129  129  129   3100
               620   128  127  127  128  128  129  131  132  135  137  139  139  139  139  138  137  137  138  137  136  137  137  137  137   3229
               621   140  135  135  140  141  145  146  145  147  148  149  148  144  143  143  144  145  143  144  144  143  130  123  121   3386
               622   121  120  123  123  123  120  121  123  126  134  139  141  139  138  142  142  143  146  146  144  145  147  147  148   3241
               623   149  149  149  148  149  150  150  151  152  152  153  152  150  151  153  153  154  155  154  154  153  148  152  153   3634
               624   148  146  148  147  146  146  149  150  142  142  143  146  148  152  154  159  157  158  157  153  153  150  147  145   3586
               625   149  146  152  144  145  142  151  150  149  153  157  158  159  160  158  156  154  155  154  153  155  155  151  153   3659
               626   152  152  150  145  148  153  151  150  147  145  145  145  148  150  151  146  147  147  146  142  150  148  140  145   3543
               627   144  144  146  147  146  147  148  145  140  142  148  142  137  140  142  143  143  142  140  138  135  133  133  134   3399
               628   135  137  142  146  146  146  149  152  153  153  151  151  153  153  152  152  152  151  150  150  151  151  150  149   3575
               629   147  148  148  148  147  149  148  149  146  147  151  146  149  144  139  139  139  138  138  136  137  136  136  135   3440
               630   135  139  152  154  153  154  154  152  154  156  158  158  159  159  157  157  156  156  156  156  155  155  153  153   3691
              ------------------------------------------------------------------------------------------------------------------------------------
              MEAN   136  136  136  137  137  136  137  138  139  140  142  143  143  142  142  141  141  141  140  140  140  139  137  137   3340
              MAX    152  152  152  154  153  154  154  152  154  156  158  158  159  160  158  159  157  158  157  156  155  155  153  153   3691
                N     30   30   30   30   30   30   30   30   30   30   30   30   30   30   30   30   30   30   30   30   30   30   30   30     30
              NOTE                                                                                                                                
                                                                                                                                                  
                   XXX,XXXX: MISSING DATA                                                                                                         
                         *): WITH MISSING DATA; MEAN,MAXIMUM ESTIMATED                                                                            
                         *]: TOO MANY MISSING DATA FOR USE OF STATISTICS                                                                          
                                                                                                                                                  
                                                                                                                                                  
