                                                                                                                                                  
                                                                                                                                                  
                                                                *******************************                                                   
                                                                  DOWNWARD LONGWAVE RADIATION                                                     
                                                                *******************************                                                   
                                                                                                                  COUNTRY = JAPAN                 
                                                                                                                                                  
                                                                                                                                                  
                                                                     UNIT  = 0.01 MJ/m**2                                                         
                        STATION    : Tateno                                                                                                       
                        STATION NO.: 47646                                                                                                        
                        LOCATION   : 140ﾟ08' E                                                                                                    
                                      36ﾟ03' N                                                                                                    
                        ALTITUDE   :   25.2  m                                                                                                    
                        YEAR/MONTH : 2024/07                                                                                                      
                                                                                                                                                  
              DATE   -01  -02  -03  -04  -05  -06  -07  -08  -09  -10  -11  -12  -13  -14  -15  -16  -17  -18  -19  -20  -21  -22  -23  -24  TOTAL
                                                                                                                                                  
               7 1   151  155  155  155  155  156  157  157  157  159  159  160  160  158  158  158  157  156  155  156  156  155  156  156   3757
               7 2   156  155  155  148  148  147  142  144  144  143  145  149  153  154  154  155  154  154  154  154  153  152  150  150   3613
               7 3   151  154  155  154  152  152  152  153  153  150  151  151  152  151  154  153  153  152  150  147  147  146  145  145   3623
               7 4   145  145  147  152  152  151  151  156  154  153  153  154  155  158  157  155  154  154  158  152  150  148  148  148   3650
               7 5   147  146  145  144  143  142  142  144  145  147  150  151  151  149  149  151  153  153  151  150  151  156  153  159   3572
               7 6   158  154  147  149  156  155  148  149  151  154  159  158  158  157  159  160  161  162  158  153  152  150  147  147   3702
               7 7   149  146  144  143  141  142  144  145  146  147  148  149  154  157  155  155  154  158  157  156  152  153  150  150   3595
               7 8   150  148  151  151  151  150  150  152  154  158  159  163  167  165  162  162  164  164  158  154  152  150  150  151   3736
               7 9   149  148  148  147  145  144  146  149  153  159  158  158  159  161  164  166  163  160  158  159  157  154  154  149   3708
               710   150  148  150  154  150  148  150  149  150  154  158  161  162  161  160  160  162  160  159  159  158  158  157  154   3732
               711   153  153  155  155  155  156  156  157  157  157  157  160  159  159  160  156  156  156  156  154  152  153  152  149   3733
               712   149  149  156  154  152  157  157  157  157  157  156  155  155  154  154  154  154  154  153  153  153  152  152  152   3696
               713   149  147  143  148  149  139  136  138  141  142  146  148  153  149  149  151  154  154  153  151  147  148  148  150   3533
               714   151  152  153  153  154  154  155  155  156  156  157  157  157  158  157  157  158  158  157  157  156  156  156  156   3736
               715   156  155  153  153  153  153  153  154  154  154  154  154  155  155  155  157  154  154  154  148  143  141  145  148   3655
               716   147  150  147  149  152  152  151  151  153  152  154  156  155  156  156  155  155  154  154  154  153  153  153  153   3665
               717   152  153  152  153  153  150  153  153  150  152  156  156  156  156  156  156  156  152  148  153  155  155  155  152   3683
               718   150  150  150  150  148  147  149  150  152  154  156  156  156  153  157  151  152  155  156  155  153  151  151  153   3655
               719   152  152  152  153  147  145  148  149  153  157  159  160  159  158  156  158  159  156  154  155  153  151  149  149   3684
               720   149  151  154  155  155  150  151  153  156  161  162  160  165  168  171  161  157  154  153  153  156  159  160  161   3775
               721   160  160  157  156  157  155  149  149  150  155  153  155  160  164  160  162  162  158  155  153  152  151  149  149   3731
               722   150  150  149  149  149  152  150  154  153  153  157  157  157  158  161  161  162  163  159  158  162  158  157  154   3733
               723   149  144  142  142  142  142  144  146  148  151  154  156  158  161  163  165  161  159  156  154  152  152  151  150   3642
               724   150  149  149  149  149  149  149  150  155  156  159  159  159  159  155  151  152  156  156  154  153  151  155  156   3680
               725   155  157  154  156  151  148  151  151  151  154  156  159  163  162  160  162  160  161  163  159  157  156  152  146   3744
               726   148  150  157  159  152  148  148  149  149  151  154  158  159  164  166  165  163  161  161  162  162  159  155  154   3754
               727   154  155  153  153  152  152  152  156  154  154  158  160  161  163  162  164  164  164  162  163  155  154  150  150   3765
               728   149  154  156  152  148  147  148  150  153  155  157  160  162  162  162  163  164  165  163  166  161  159  158  156   3770
               729   155  154  154  154  153  154  156  155  156  157  159  160  160  162  163  163  166  167  163  162  163  165  157  159   3817
               730   159  152  151  149  149  149  151  153  158  164  162  161  158  161  165  166  162  156  153  156  158  158  159  160   3770
               731   160  159  157  159  156  151  151  150  151  153  157  159  158  156  154  154  161  160  159  154  155  148  150  155   3727
              ------------------------------------------------------------------------------------------------------------------------------------
              MEAN   152  151  151  152  151  150  150  151  152  154  156  157  158  158  159  158  158  158  156  155  154  153  152  152   3698
              MAX    160  160  157  159  157  157  157  157  158  164  162  163  167  168  171  166  166  167  163  166  163  165  160  161   3817
                N     31   31   31   31   31   31   31   31   31   31   31   31   31   31   31   31   31   31   31   31   31   31   31   31     31
              NOTE                                                                                                                                
                                                                                                                                                  
                   XXX,XXXX: MISSING DATA                                                                                                         
                         *): WITH MISSING DATA; MEAN,MAXIMUM ESTIMATED                                                                            
                         *]: TOO MANY MISSING DATA FOR USE OF STATISTICS                                                                          
                                                                                                                                                  
