                                                                                                                                                  
                                                                                                                                                  
                                                                *******************************                                                   
                                                                  DOWNWARD LONGWAVE RADIATION                                                     
                                                                *******************************                                                   
                                                                                                                  COUNTRY = JAPAN                 
                                                                                                                                                  
                                                                                                                                                  
                                                                     UNIT  = 0.01 MJ/m**2                                                         
                        STATION    : Tateno                                                                                                       
                        STATION NO.: 47646                                                                                                        
                        LOCATION   : 140ﾟ08' E                                                                                                    
                                      36ﾟ03' N                                                                                                    
                        ALTITUDE   :   25.2  m                                                                                                    
                        YEAR/MONTH : 2024/05                                                                                                      
                                                                                                                                                  
              DATE   -01  -02  -03  -04  -05  -06  -07  -08  -09  -10  -11  -12  -13  -14  -15  -16  -17  -18  -19  -20  -21  -22  -23  -24  TOTAL
                                                                                                                                                  
               5 1   133  133  135  136  146  146  145  144  143  143  142  140  138  137  136  135  133  132  131  131  130  130  130  129   3278
               5 2   129  129  128  128  127  126  123  109  106  110  115  118  132  123  115  110  109  108  107  106  106  106  106  105   2781
               5 3   105  104  103  102  102  102  103  105  106  108  111  113  115  116  115  114  115  115  114  113  113  114  114  112   2634
               5 4   111  111  110  109  108  108  108  110  113  114  116  119  121  121  122  123  125  124  122  120  117  115  114  114   2775
               5 5   113  113  113  113  112  112  112  114  116  119  122  123  122  122  121  120  119  117  116  116  117  117  119  118   2806
               5 6   118  118  119  120  117  121  123  126  133  133  134  139  139  141  140  140  140  140  141  139  131  140  140  140   3172
               5 7   139  142  140  140  141  140  143  144  142  143  147  146  146  144  146  148  148  148  149  149  148  148  147  146   3474
               5 8   146  143  132  141  139  140  141  141  141  138  141  135  128  130  133  138  137  136  133  131  130  130  128  128   3260
               5 9   128  128  128  127  126  125  125  126  128  128  128  127  123  118  120  116  110  107  108  112  105  104  102   99   2848
               510    98   97   97   96   96   96   97   99  101  104  107  109  111  110  112  113  111  112  112  112  112  112  111  110   2535
               511   110  111  110  110  109  108  110  112  114  116  116  116  118  117  117  117  117  117  115  115  115  115  114  115   2734
               512   116  114  114  114  114  115  124  138  141  144  136  138  144  140  144  139  135  140  140  139  138  136  139  139   3181
               513   138  140  145  146  147  148  149  150  148  151  150  151  151  150  148  147  146  143  143  141  140  139  137  135   3483
               514   134  133  132  131  122  121  121  119  118  118  117  113  111  116  118  113  110  112  112  111  111  111  112  112   2828
               515   112  112  116  114  113  114  115  115  117  124  125  125  123  135  135  136  129  134  133  138  140  141  141  140   3027
               516   142  141  139  139  139  139  140  141  141  142  143  145  146  146  133  124  124  123  120  115  111  111  109  110   3163
               517   109  108  108  108  107  107  109  110  113  115  117  118  119  121  122  122  123  123  123  121  120  118  117  116   2774
               518   115  114  114  114  112  111  113  116  119  120  122  123  126  130  132  129  127  126  125  123  122  121  121  120   2895
               519   121  121  123  123  126  123  130  134  137  138  140  142  143  143  143  143  144  145  145  142  142  140  139  140   3267
               520   142  140  141  140  138  139  139  139  140  139  141  143  144  145  145  145  143  138  127  128  125  126  126  123   3296
               521   126  128  129  129  128  127  124  124  127  129  132  137  138  137  145  145  142  136  138  145  136  143  141  140   3226
               522   139  139  138  138  137  137  136  125  123  131  130  127  136  140  137  126  125  126  125  123  121  121  120  121   3121
               523   121  121  123  122  121  121  124  130  141  141  142  142  144  140  136  132  132  133  133  135  133  135  137  134   3173
               524   131  126  126  125  124  123  123  125  131  135  136  137  135  133  134  139  139  138  135  133  134  142  140  145   3189
               525   139  138  130  135  131  139  136  131  141  131  117  118  122  121  118  117  118  118  123  127  136  133  134  131   3084
               526   129  130  120  120  121  123  131  136  127  126  131  136  142  137  133  133  133  130  128  131  127  127  130  129   3110
               527   127  128  129  128  133  147  142  141  144  145  145  146  148  147  147  148  153  152  153  153  146  139  137  134   3412
               528   136  145  147  153  153  152  153  155  155  155  154  154  152  153  151  156  156  157  157  157  156  156  156  153   3672
               529   154  151  150  138  143  144  143  142  141  138  138  132  128  125  125  124  123  123  122  122  121  120  122  135   3204
               530   136  127  124  127  124  121  122  132  144  146  147  142  141  143  144  139  136  134  138  141  142  142  143  144   3279
               531   144  144  142  142  142  142  142  143  141  141  142  142  144  142  141  142  143  146  142  140  140  140  141  143   3411
              ------------------------------------------------------------------------------------------------------------------------------------
              MEAN   127  127  126  126  126  126  127  128  130  131  132  132  133  133  133  131  130  130  129  129  128  128  128  128   3100
              MAX    154  151  150  153  153  152  153  155  155  155  154  154  152  153  151  156  156  157  157  157  156  156  156  153   3672
                N     31   31   31   31   31   31   31   31   31   31   31   31   31   31   31   31   31   31   31   31   31   31   31   31     31
              NOTE                                                                                                                                
                                                                                                                                                  
                   XXX,XXXX: MISSING DATA                                                                                                         
                         *): WITH MISSING DATA; MEAN,MAXIMUM ESTIMATED                                                                            
                         *]: TOO MANY MISSING DATA FOR USE OF STATISTICS                                                                          
                                                                                                                                                  
