                                                                                                                                                  
                                                                                                                                                  
                                                                *******************************                                                   
                                                                  DOWNWARD LONGWAVE RADIATION                                                     
                                                                *******************************                                                   
                                                                                                                  COUNTRY = JAPAN                 
                                                                                                                                                  
                                                                                                                                                  
                                                                     UNIT  = 0.01 MJ/m**2                                                         
                        STATION    : Tateno                                                                                                       
                        STATION NO.: 47646                                                                                                        
                        LOCATION   : 140ﾟ08' E                                                                                                    
                                      36ﾟ03' N                                                                                                    
                        ALTITUDE   :   25.2  m                                                                                                    
                        YEAR/MONTH : 2024/11                                                                                                      
                                                                                                                                                  
              DATE   -01  -02  -03  -04  -05  -06  -07  -08  -09  -10  -11  -12  -13  -14  -15  -16  -17  -18  -19  -20  -21  -22  -23  -24  TOTAL
                                                                                                                                                  
              11 1   112  111  111  110  109  111  111  112  114  118  125  130  137  142  140  139  140  140  139  139  138  139  139  139   3045
              11 2   140  140  140  140  140  140  140  141  142  142  142  141  144  144  145  146  145  144  142  142  142  142  139  138   3401
              11 3   136  133  117  126  124  109  112  134  122  110  111  112  113  114  115  115  113  112  110  110  109  108  107  107   2779
              11 4   106  106  106  106  105  105  104  105  107  110  112  114  116  119  120  122  123  128  121  120  119  117  115  113   2719
              11 5   112  112  111  109  112  111  113  116  115  119  124  127  125  123  131  134  134  132  133  130  131  134  133  130   2951
              11 6   132  132  131  126  133  133  129  127  129  122  134  134  134  134  133  129  129  127  112  109  115  109  104  103   3000
              11 7   103  102  101   99   98   98   96   96   97   98   98   98   99  100  100  100  100   99   98   96   96   94   93   93   2352
              11 8    94   94   93   92   92   92   91   93   95   96   98  100  100  100  101  101  102  101  101  101  100  100  100   98   2335
              11 9    97   96   95   93   93   93   92   93   95   98  100  105  107  109  112  117  121  125  124  123  126  127  118  123   2582
              1110   113  112  121  119  121  129  129  128  121  127  132  129  130  132  137  130  137  139  137  133  135  139  138  137   3105
              1111   136  134  135  138  138  132  135  139  140  141  141  142  134  123  128  123  122  118  115  113  112  112  110  109   3070
              1112   108  107  106  106  105  105  105  105  107  110  117  128  121  124  133  131  138  140  139  140  134  116  113  111   2849
              1113   109  108  108  108  108  107  107  106  107  107  108  109  111  111  111  110  110  109  109  108  119  130  130  127   2677
              1114   131  131  130  112  113  115  107  108  109  110  111  117  128  137  122  136  135  137  138  138  137  137  138  138   3015
              1115   139  138  138  138  138  138  139  137  139  138  141  141  141  142  142  142  142  133  126  120  119  117  124  126   3238
              1116   116  113  113  112  112  112  113  114  127  121  130  126  132  130  129  129  129  128  132  137  133  135  136  137   2996
              1117   135  140  140  128  134  141  140  141  138  136  124  127  132  134  130  133  135  129  137  130  127  133  144  145   3233
              1118   143  141  139  137  134  133  130  129  128  126  126  123  122  120  103  102  101  100   99   98  101  113  104   97   2849
              1119    98  104   98   90   88   87   86   86   87   89   90   91   93   93   93   93   94   94   93   96   96  103  101   95   2238
              1120    95   95  101  102  111  112  112  115  118  121  121  121  121  122  122  122  123  123  124  124  124  125  127  127   2808
              1121   128  129  129  128  130  129  129  130  130  129  132  131  131  130  126  127  122  104  101  101  101  102  102  111   2912
              1122   104  104  114  121  118  117  116  114  110  100  102  104  105  105  107  108  108  108  107  107  104  104  102  107   2596
              1123   105  108  105   99   94   92   92   92   92   93   95   96   97   98  100  100  101  100   97   98   99   95   94   93   2335
              1124    92   93   92   91   91   91   91   91   92   94   96   96   97   98   98   98   98   97   97  100   98   98   95   93   2277
              1125    92   91   90   89   89   88   88   89   90   92   93   94   95   95   95   95   95   95   95   95   95   95   95   94   2224
              1126    93   92   91   91   91   92   92   95   98  107  100  103  116  114  113  123  127  129  130  128  130  132  133  132   2652
              1127   133  132  134  136  134  133  133  128  130  125  119  135  114  115  117  117  115  115  111  108  115  128  108  103   2938
              1128   103  102  100   99   99   99   97   95   95   96   98   99  100  100  100   99   98   97   95   94   93   92   91   91   2332
              1129    91   90   89   89   89   89   89   89   91   94   97   97   98   99  107  111  109  106   96   94   93   93   93   92   2285
              1130    90   89   88   88   88   88   88   89   91   93   94   96   97   98   98   99   98   98   98   97   97   96   95   94   2247
              ------------------------------------------------------------------------------------------------------------------------------------
              MEAN   113  113  112  111  111  111  110  111  112  112  114  116  116  117  117  118  118  117  115  114  115  116  114  113   2735
              MAX    143  141  140  140  140  141  140  141  142  142  142  142  144  144  145  146  145  144  142  142  142  142  144  145   3401
                N     30   30   30   30   30   30   30   30   30   30   30   30   30   30   30   30   30   30   30   30   30   30   30   30     30
              NOTE                                                                                                                                
                                                                                                                                                  
                   XXX,XXXX: MISSING DATA                                                                                                         
                         *): WITH MISSING DATA; MEAN,MAXIMUM ESTIMATED                                                                            
                         *]: TOO MANY MISSING DATA FOR USE OF STATISTICS                                                                          
                                                                                                                                                  
                                                                                                                                                  
