                                                                                                                                                  
                                                                                                                                                  
                                                                *******************************                                                   
                                                                  DOWNWARD LONGWAVE RADIATION                                                     
                                                                *******************************                                                   
                                                                                                                  COUNTRY = JAPAN                 
                                                                                                                                                  
                                                                                                                                                  
                                                                     UNIT  = 0.01 MJ/m**2                                                         
                        STATION    : Tateno                                                                                                       
                        STATION NO.: 47646                                                                                                        
                        LOCATION   : 140ﾟ08' E                                                                                                    
                                      36ﾟ03' N                                                                                                    
                        ALTITUDE   :   25.2  m                                                                                                    
                        YEAR/MONTH : 2024/10                                                                                                      
                                                                                                                                                  
              DATE   -01  -02  -03  -04  -05  -06  -07  -08  -09  -10  -11  -12  -13  -14  -15  -16  -17  -18  -19  -20  -21  -22  -23  -24  TOTAL
                                                                                                                                                  
              10 1   131  131  130  131  132  144  147  149  149  152  154  156  155  157  158  154  153  154  145  143  141  140  138  138   3482
              10 2   140  141  142  149  145  144  153  155  153  142  140  142  149  149  144  147  147  147  144  145  141  146  156  156   3517
              10 3   156  155  155  152  151  152  151  150  146  150  151  151  151  151  144  146  149  147  148  150  150  148  150  152   3606
              10 4   154  151  151  152  156  149  150  153  154  154  155  154  154  150  150  152  150  154  153  153  154  152  150  155   3660
              10 5   151  148  152  150  149  150  149  148  148  149  148  149  149  149  149  148  148  147  147  146  147  147  147  147   3562
              10 6   147  147  146  146  146  148  148  148  150  151  152  153  153  153  153  153  152  152  152  149  149  149  142  151   3590
              10 7   140  135  132  143  144  139  135  145  149  149  152  150  149  148  146  146  147  147  151  151  149  152  153  156   3508
              10 8   154  151  149  150  149  149  148  147  146  147  147  147  146  145  144  142  140  139  139  138  139  139  139  139   3473
              10 9   139  139  139  139  139  139  140  140  139  139  139  141  141  141  140  139  140  139  138  132  122  121  118  116   3259
              1010   114  114  116  115  122  132  137  132  129  141  143  141  142  143  140  134  135  137  120  117  117  115  114  113   3063
              1011   113  112  112  111  111  111  112  113  115  116  117  120  121  122  123  125  123  123  124  122  121  124  121  120   2832
              1012   120  123  123  119  116  116  116  118  120  122  123  126  130  129  126  125  125  124  122  122  122  122  124  122   2935
              1013   122  122  121  121  119  119  119  120  122  124  129  125  124  125  122  120  119  119  119  119  118  118  118  118   2902
              1014   117  118  116  115  116  120  117  117  119  123  132  140  142  133  132  133  138  136  128  132  135  128  133  133   3053
              1015   130  123  121  121  128  138  139  126  124  126  128  134  137  132  136  134  131  128  130  130  130  133  130  129   3118
              1016   130  130  128  131  135  131  132  134  140  140  144  144  144  142  141  142  145  147  147  145  145  145  145  143   3350
              1017   143  148  149  148  139  139  134  146  145  147  150  150  150  151  146  140  140  131  130  130  132  139  133  139   3399
              1018   141  145  139  132  135  145  149  149  149  150  151  152  152  153  153  151  152  152  150  148  153  153  146  149   3549
              1019   149  149  150  148  151  147  146  148  153  152  150  142  144  145  150  153  150  148  151  152  152  151  148  146   3575
              1020   148  135  123  120  118  122  118  109  115  123  113  108  108  110  108  108  107  106  106  104  104  103  103  102   2721
              1021   102  102  101  111  122  112  119  117  123  127  130  123  136  131  137  136  128  134  133  132  132  135  121  132   2976
              1022   126  131  127  130  124  114  114  116  118  125  128  140  142  137  134  138  147  147  145  145  142  141  143  137   3191
              1023   140  134  132  139  141  142  144  145  142  143  146  150  150  154  153  154  154  154  152  155  157  156  154  150   3541
              1024   145  149  151  151  150  150  149  149  151  151  149  147  141  147  143  145  145  149  147  147  145  147  150  149   3547
              1025   148  148  148  147  146  146  145  145  144  144  144  143  144  145  142  139  141  144  136  137  130  125  126  124   3381
              1026   121  122  123  127  124  125  129  128  137  142  139  144  144  146  146  142  136  134  134  133  135  131  128  130   3200
              1027   126  124  121  119  118  118  118  119  121  125  140  144  145  148  147  146  143  145  144  143  146  145  145  147   3237
              1028   147  145  146  145  144  142  143  143  144  144  144  142  142  142  139  139  133  138  134  136  136  138  138  138   3382
              1029   137  135  131  130  129  128  128  128  130  134  134  135  136  135  135  135  135  135  134  135  134  134  134  135   3196
              1030   135  135  136  137  137  137  137  138  139  140  136  140  143  139  137  134  141  137  134  111  108  106  105  104   3146
              1031   103  102  101  101  101  100  101  104  106  110  114  116  117  115  113  116  118  118  114  114  112  110  111  112   2629
              ------------------------------------------------------------------------------------------------------------------------------------
              MEAN   134  134  133  133  133  134  134  135  136  138  139  140  141  141  140  139  139  139  137  136  135  135  134  135   3277
              MAX    156  155  155  152  156  152  153  155  154  154  155  156  155  157  158  154  154  154  153  155  157  156  156  156   3660
                N     31   31   31   31   31   31   31   31   31   31   31   31   31   31   31   31   31   31   31   31   31   31   31   31     31
              NOTE                                                                                                                                
                                                                                                                                                  
                   XXX,XXXX: MISSING DATA                                                                                                         
                         *): WITH MISSING DATA; MEAN,MAXIMUM ESTIMATED                                                                            
                         *]: TOO MANY MISSING DATA FOR USE OF STATISTICS                                                                          
                                                                                                                                                  
