                                                                                                                                                  
                                                                                                                                                  
                                                                *******************************                                                   
                                                                  DOWNWARD LONGWAVE RADIATION                                                     
                                                                *******************************                                                   
                                                                                                                  COUNTRY = JAPAN                 
                                                                                                                                                  
                                                                                                                                                  
                                                                     UNIT  = 0.01 MJ/m**2                                                         
                        STATION    : Tateno                                                                                                       
                        STATION NO.: 47646                                                                                                        
                        LOCATION   : 140ﾟ08' E                                                                                                    
                                      36ﾟ03' N                                                                                                    
                        ALTITUDE   :   25.2  m                                                                                                    
                        YEAR/MONTH : 2024/09                                                                                                      
                                                                                                                                                  
              DATE   -01  -02  -03  -04  -05  -06  -07  -08  -09  -10  -11  -12  -13  -14  -15  -16  -17  -18  -19  -20  -21  -22  -23  -24  TOTAL
                                                                                                                                                  
               9 1   155  157  158  147  150  146  148  152  157  160  162  164  164  164  163  159  161  159  161  161  162  160  162  160   3792
               9 2   158  155  151  150  150  148  148  150  152  154  155  156  156  157  160  156  154  153  152  152  152  153  153  153   3678
               9 3   162  162  158  157  155  155  156  155  154  154  155  156  155  155  152  153  152  151  149  149  146  146  145  145   3677
               9 4   144  144  145  146  146  147  147  148  149  144  149  156  153  154  149  143  142  140  138  137  137  137  137  137   3469
               9 5   136  136  135  138  138  135  137  138  141  150  153  154  154  151  150  146  144  143  142  141  140  140  141  141   3424
               9 6   141  140  139  141  143  142  143  146  148  147  152  153  159  156  152  152  152  150  151  149  148  147  146  146   3543
               9 7   144  144  143  143  143  146  143  145  151  149  153  153  153  158  156  150  149  148  145  146  144  144  145  144   3539
               9 8   144  144  146  149  144  144  145  147  150  154  155  159  158  154  154  154  152  154  152  155  156  155  156  153   3634
               9 9   150  149  149  149  149  146  156  159  154  148  153  154  155  154  150  148  148  151  148  150  157  159  159  155   3650
               910   156  154  151  145  142  143  144  149  148  152  156  158  163  163  160  159  163  156  152  153  157  160  157  149   3690
               911   148  148  147  146  147  146  147  155  156  156  158  161  161  159  158  156  156  155  153  152  155  157  155  154   3686
               912   154  152  151  149  155  154  151  152  156  156  161  164  165  166  165  163  159  159  158  159  158  159  156  157   3779
               913   156  151  148  147  146  146  155  161  162  160  161  162  156  156  155  154  153  152  151  152  157  157  154  149   3701
               914   149  149  148  147  146  146  147  148  149  152  158  161  163  157  154  153  155  155  155  160  159  154  151  151   3667
               915   151  152  155  156  162  157  159  162  162  159  155  154  151  154  154  153  152  151  154  158  161  162  161  159   3754
               916   156  159  156  159  157  157  156  160  157  155  154  153  155  153  156  152  152  155  152  150  154  154  154  151   3717
               917   149  145  154  154  154  154  154  154  145  145  148  150  152  156  158  156  155  154  154  156  156  154  157  157   3671
               918   156  153  152  152  154  149  150  151  153  156  163  160  164  166  168  166  159  156  159  157  155  149  146  148   3742
               919   147  148  153  153  149  149  150  158  154  154  156  155  158  158  157  161  155  155  155  157  153  152  149  154   3690
               920   149  150  152  152  146  152  155  150  152  154  153  154  155  155  155  156  157  155  152  152  152  150  149  148   3655
               921   148  148  148  149  148  147  152  149  148  151  154  152  150  150  148  150  150  153  154  150  152  151  151  150   3603
               922   150  150  151  151  151  151  151  152  153  155  160  163  157  144  149  151  148  148  147  155  153  153  152  151   3646
               923   150  150  149  149  148  148  147  146  147  146  138  134  135  132  134  140  138  131  130  131  125  123  122  121   3314
               924   121  120  120  119  119  118  119  119  125  125  127  137  138  127  124  124  123  122  129  129  122  124  125  133   2989
               925   125  125  124  125  133  139  141  142  144  145  148  150  150  150  150  150  150  149  150  149  149  149  149  149   3435
               926   149  147  146  138  136  135  135  149  150  152  147  139  142  148  154  158  150  149  145  150  152  151  152  150   3524
               927   146  143  143  147  147  147  148  149  150  153  153  153  156  155  155  152  152  155  154  155  150  153  154  148   3618
               928   148  144  146  151  146  149  143  144  145  148  147  146  149  150  148  147  146  143  143  146  145  146  146  147   3513
               929   147  142  143  142  143  147  146  142  144  149  149  149  150  147  147  145  143  138  139  137  136  131  135  137   3428
               930   135  139  139  141  141  141  142  140  141  145  145  149  147  144  145  149  149  148  145  144  137  132  131  131   3400
              ------------------------------------------------------------------------------------------------------------------------------------
              MEAN   147  147  147  146  146  146  147  149  150  151  153  154  154  153  153  152  151  150  149  150  149  149  148  148   3588
              MAX    162  162  158  159  162  157  159  162  162  160  163  164  165  166  168  166  163  159  161  161  162  162  162  160   3792
                N     30   30   30   30   30   30   30   30   30   30   30   30   30   30   30   30   30   30   30   30   30   30   30   30     30
              NOTE                                                                                                                                
                                                                                                                                                  
                   XXX,XXXX: MISSING DATA                                                                                                         
                         *): WITH MISSING DATA; MEAN,MAXIMUM ESTIMATED                                                                            
                         *]: TOO MANY MISSING DATA FOR USE OF STATISTICS                                                                          
                                                                                                                                                  
                                                                                                                                                  
