                                                                                                                                                  
                                                                                                                                                  
                                                                *******************************                                                   
                                                                  DOWNWARD LONGWAVE RADIATION                                                     
                                                                *******************************                                                   
                                                                                                                  COUNTRY = JAPAN                 
                                                                                                                                                  
                                                                                                                                                  
                                                                     UNIT  = 0.01 MJ/m**2                                                         
                        STATION    : Tateno                                                                                                       
                        STATION NO.: 47646                                                                                                        
                        LOCATION   : 140ﾟ08' E                                                                                                    
                                      36ﾟ03' N                                                                                                    
                        ALTITUDE   :   25.2  m                                                                                                    
                        YEAR/MONTH : 2024/04                                                                                                      
                                                                                                                                                  
              DATE   -01  -02  -03  -04  -05  -06  -07  -08  -09  -10  -11  -12  -13  -14  -15  -16  -17  -18  -19  -20  -21  -22  -23  -24  TOTAL
                                                                                                                                                  
               4 1   127  128  132  133  133  131  130  128  121  127  107  109  108  119  108  107  107  111  110  104  102  101  100   99   2782
               4 2    97   94   91   90   90   90   91   93   95   97   99  106  115  126  126  126  112  112  113  114  115  118  118  118   2546
               4 3   117  115  113  111  108  112  119  122  121  123  129  131  133  132  133  133  134  134  134  134  134  134  135  134   3025
               4 4   134  134  133  132  132  130  131  131  131  132  133  134  132  134  128  136  124  121  118  124  129  130  124  135   3122
               4 5   133  131  130  129  128  127  126  125  124  124  124  125  126  126  126  127  127  126  126  126  126  127  128  127   3044
               4 6   126  126  126  127  127  127  128  128  129  130  131  131  132  133  134  135  136  136  136  136  135  135  136  136   3156
               4 7   133  135  135  135  131  132  133  130  130  126  127  126  135  131  130  133  126  122  120  119  119  118  123  139   3088
               4 8   140  138  138  138  136  140  137  132  136  136  137  138  136  134  142  141  139  140  137  142  142  143  143  143   3328
               4 9   143  143  143  143  144  144  145  147  147  148  149  142  135  133  132  131  130  128  129  128  125  117  124  124   3274
               410   122  120  109   89   85   84   84   84   86   89   91   93   94   95   95   95   95   95   95   96   98   97   96   96   2283
               411    96   97   96   96   97   96   96   99  101  104  114  116  129  129  124  118  114  111  112  112  116  120  119  125   2637
               412   128  128  122  120  122  119  123  130  131  132  134  134  135  134  131  120  115  121  112  110  109  109  108  107   2934
               413   107  106  105  104  103  103  104  106  108  109  110  115  118  116  115  114  114  113  113  112  113  113  112  110   2643
               414   109  109  109  108  108  108  108  110  112  114  117  119  121  122  122  122  122  119  117  116  115  114  113  112   2746
               415   112  111  111  110  110  110  110  112  114  116  118  120  121  123  123  122  125  124  120  117  116  115  114  114   2788
               416   109  107  106  109  114  116  117  118  126  131  128  117  119  125  121  120  127  135  127  125  122  119  119  118   2875
               417   118  122  129  125  120  117  123  131  132  135  139  135  131  134  126  126  122  132  122  122  121  128  119  123   3032
               418   122  125  122  131  124  120  120  125  126  128  132  129  131  132  131  131  132  133  134  135  133  131  131  132   3090
               419   128  131  127  121  118  110  108  108  109  110  112  122  125  119  119  115  120  113  110  109  109  108  108  108   2767
               420   107  106  106  108  110  107  106  109  118  122  118  119  126  134  132  133  132  126  130  131  129  130  126  133   2898
               421   119  121  127  134  131  129  132  127  131  134  133  134  133  137  138  138  137  137  136  136  135  136  138  138   3191
               422   138  137  133  134  132  131  133  134  133  134  137  137  138  138  137  137  134  122  122  121  118  119  124  128   3151
               423   128  130  130  132  134  135  134  133  135  138  138  139  139  137  139  138  134  139  138  137  137  136  135  135   3250
               424   135  134  134  135  136  135  136  136  136  135  136  138  138  138  136  137  136  138  139  139  139  139  140  141   3286
               425   142  138  138  136  138  138  136  127  126  139  137  132  126  125  126  128  128  129  127  123  121  120  119  116   3115
               426   116  114  113  114  115  124  121  120  130  130  131  133  138  139  134  134  135  135  135  134  134  133  133  134   3079
               427   131  125  129  133  135  137  137  139  139  142  142  145  145  145  144  142  139  137  136  136  137  134  124  125   3278
               428   134  122  119  118  117  116  117  118  120  122  123  124  125  127  126  127  134  132  127  126  126  124  125  125   2974
               429   124  125  125  122  120  120  120  129  132  131  134  133  134  134  136  136  137  140  139  138  137  140  137  138   3161
               430   138  139  139  139  139  138  139  142  145  146  146  147  148  149  147  142  146  137  133  132  130  136  141  138   3376
              ------------------------------------------------------------------------------------------------------------------------------------
              MEAN   124  123  122  122  121  121  121  122  124  126  127  127  129  130  129  128  127  127  125  124  124  124  124  125   2997
              MAX    143  143  143  143  144  144  145  147  147  148  149  147  148  149  147  142  146  140  139  142  142  143  143  143   3376
                N     30   30   30   30   30   30   30   30   30   30   30   30   30   30   30   30   30   30   30   30   30   30   30   30     30
              NOTE                                                                                                                                
                                                                                                                                                  
                   XXX,XXXX: MISSING DATA                                                                                                         
                         *): WITH MISSING DATA; MEAN,MAXIMUM ESTIMATED                                                                            
                         *]: TOO MANY MISSING DATA FOR USE OF STATISTICS                                                                          
                                                                                                                                                  
                                                                                                                                                  
