                                                                                                                                                  
                                                                                                                                                  
                                                                *******************************                                                   
                                                                  DOWNWARD LONGWAVE RADIATION                                                     
                                                                *******************************                                                   
                                                                                                                  COUNTRY = JAPAN                 
                                                                                                                                                  
                                                                                                                                                  
                                                                     UNIT  = 0.01 MJ/m**2                                                         
                        STATION    : Tateno                                                                                                       
                        STATION NO.: 47646                                                                                                        
                        LOCATION   : 140ﾟ08' E                                                                                                    
                                      36ﾟ03' N                                                                                                    
                        ALTITUDE   :   25.2  m                                                                                                    
                        YEAR/MONTH : 2024/03                                                                                                      
                                                                                                                                                  
              DATE   -01  -02  -03  -04  -05  -06  -07  -08  -09  -10  -11  -12  -13  -14  -15  -16  -17  -18  -19  -20  -21  -22  -23  -24  TOTAL
                                                                                                                                                  
               3 1   122  122  122  123  122  121  120  119  120  114  102   98  101  100   99  110  123  114  118  101  104  107  108  118   2708
               3 2   118  108  111  100   89   88   85   82   88   86   99  100   92   89   91   96   98  107  104  104   90   98  103  103   2329
               3 3    85   80   79   79   79   83   83   80   81   83   86   88   90   91   92   92   92   93   93   96   95   89   88   86   2083
               3 4    86   85   85   85   84   84   85   86   87   89   91   92   94   99   98   95   93   92   91   91   93   96   96   98   2175
               3 5   101  101  102  100  102   99  106  109  109  116  116  120  121  121  121  120  119  119  118  118  118  117  116  116   2705
               3 6   117  119  119  119  118  117  117  117  118  118  119  118  118  118  118  118  119  119  117  117  116  116  115  115   2822
               3 7   114  110  110  113  112  109  105  108  105   91   90   91   93   98   92   92   99  108  114  114  114  115  115  119   2531
               3 8   119  118  117  116  116  115  114  114  115  116  117  115  117  119  104   97   95   98  100  109  119  105   89   88   2632
               3 9    87   87   87   87   86   89   84   83   84   84   83   81   82   84   84   82   83   83   82   81   80   80   80   80   2003
               310    80   80   80   80   80   80   80   82   83   85   86   94   89   89   87   86   85   86   86   85   84   84   84   87   2022
               311    83   83   82   82   82   82   82   83   85   86   88   91   92   94   96  100  101  103  101  106  109  108  106  105   2230
               312   106  109  111  112  112  115  116  120  122  123  124  124  125  126  127  128  128  128  129  125  122  121  119  117   2889
               313   114  116  115  116  108   96   98  101   91   97   93   91   91   90   90   90   89   89   88   87   87   92   91   86   2306
               314    86   85   85   84   84   82   82   84   86   88   90   93   94   96   96   97   98   98   97   98   97   93   92   91   2176
               315    90   89   88   87   85   86   86   86   87   89   92   96   98   98   99   99  100  100   99   99   99   99   98   96   2245
               316    96   98   99   99   99   98   98   98  100  100  100  101  102  102  102  102  102  101  101  101  102  121  128  129   2479
               317   122  122  118  129  129  127  110  110  113  108  115  129  130  135  131  118  124  126  124  122  127  125  123  121   2938
               318   117  115  112  109   99   87   85   87   88   86   86   87   87   87   86   85   83   83   83   82   82   82   82   82   2162
               319    82   83   82   82   89   98  100   98   96  101   97   99  107  104   92   92   94   93   92   93   93   93   93   92   2245
               320    91   91   90   90   90   90   89   90   92   95   97  107  119  119  117  110  108  119  103   92   90   85   84   91   2349
               321    90   84   82   82   81   81   81   82   83   84   87   95  106  106  106   96  100   89   82   81   80   80   80   80   2098
               322    79   79   79   79   79   79   79   80   81   82   83   85   92   94   94   89   88   87   87   87   86   86   86   87   2027
               323    88   99   96   87   88   96   99  106  110  116  116  117  117  115  118  120  116  123  101   95   94   93   92   92   2494
               324    93   93   94   95   99   99  101  100  107  106  109  111  112  116  120  123  126  130  131  128  129  130  129  129   2710
               325   129  130  130  130  131  131  131  131  132  132  133  133  134  133  133  130  132  128  128  128  127  127  127  127   3127
               326   127  126  129  129  128  128  128  128  130  129  129  130  131  131  131  130  129  128  123  119  120  119  117  114   3033
               327   114  117   99   93  101   96   89   90   91   93   94   95   96   98   98   99   99   97   96   95   95   94   94   93   2326
               328    92   92   92   98   99  110  104  116  107  116  122  123  126  128  127  125  124  123  126  129  128  127  128  128   2790
               329   128  130  131  134  133  134  134  136  137  139  140  142  143  140  124  120  120  133  119  127  116  112  110  110   3092
               330   110  110  110  107  123  105  105  106  108  109  111  113  115  115  117  118  122  121  119  117  118  121  114  110   2724
               331   109  110  110  108  107  106  106  106  109  112  115  120  124  122  120  120  121  126  126  124  126  125  124  125   2801
              ------------------------------------------------------------------------------------------------------------------------------------
              TOTAL 3175 3171 3146 3134 3134 3111 3082 3118 3145 3173 3210 3279 3338 3357 3310 3279 3310 3344 3278 3251 3240 3240 3211 3215  77251
              MEAN   102  102  101  101  101  100   99  101  101  102  104  106  108  108  107  106  107  108  106  105  105  105  104  104   2492
              MAX    129  130  131  134  133  134  134  136  137  139  140  142  143  140  133  130  132  133  131  129  129  130  129  129   3127
                N     31   31   31   31   31   31   31   31   31   31   31   31   31   31   31   31   31   31   31   31   31   31   31   31     31
              NOTE                                                                                                                                
                                                                                                                                                  
                   *): WITH MISSING DATA; TOTAL,MEAN,MAXIMUM ESTIMATED                                                                            
                                                                                                                                                  
                                                                                                                                                  
