                                                                                                                                                  
                                                                                                                                                  
                                                                *******************************                                                   
                                                                  DOWNWARD LONGWAVE RADIATION                                                     
                                                                *******************************                                                   
                                                                                                                  COUNTRY = JAPAN                 
                                                                                                                                                  
                                                                                                                                                  
                                                                     UNIT  = 0.01 MJ/m**2                                                         
                        STATION    : Tateno                                                                                                       
                        STATION NO.: 47646                                                                                                        
                        LOCATION   : 140ﾟ08' E                                                                                                    
                                      36ﾟ03' N                                                                                                    
                        ALTITUDE   :   25.2  m                                                                                                    
                        YEAR/MONTH : 2024/02                                                                                                      
                                                                                                                                                  
              DATE   -01  -02  -03  -04  -05  -06  -07  -08  -09  -10  -11  -12  -13  -14  -15  -16  -17  -18  -19  -20  -21  -22  -23  -24  TOTAL
                                                                                                                                                  
               2 1   125  121  126  124  122  110   99   98   98   99  101  106  117  113  101   99   97   95   95   92   88   88   89   86   2489
               2 2    95  114  112  112  112  112  111  111  110  110  111  112  113  113  114  113  112  112  112  112  110   98   95   93   2619
               2 3    90   81   80   80   80   80   80   81   82   83   85   86   87   87   89   90   90   90   95   96  104  109  112  112   2149
               2 4   114  114  116  116  113  114  113  114  114  114  114  115  115  116  117  107   92   91   91   90   90   89   90   90   2549
               2 5    91   95   95   89  104  106  109  112  110  112  114  116  117  116  114  115  116  116  116  117  114  114  114  114   2636
               2 6   113  112  112  112  112  113  115  115  114  116  117  118  118  117  117  117  117  117  114  113  111  102   89   90   2691
               2 7    90   84   82   82   82   92   83   80   82   84   85   87   88   89   89   90   90   89   89   89   88   88   87   87   2076
               2 8    86   85   84   84   84   85   99   93  100  100   97   95   96   91   91   90   91   91   92   92   91   91   92   92   2192
               2 9    90   89   87   86   87   90   87   90   89   94   98   93  102   96   92   96  101  101  100   99  107   92   90   88   2244
               210    88   88   88   86   99   96   87   89   96   96   90   92   95   99  102   99   94   95   99   94   93   94   91   90   2240
               211    87   86   85   85   85   84   84   83   84   85   86   88   89   90   90  102  109  101  105  100  100   95  100  109   2212
               212   107   96   97   99   93  100  103   93   87   87   89   88   89   90   91   90   90   90   89   88   86   86   84   85   2197
               213    85   86   86   86   85   84   83   83   84   87   89   91   94   98  100  100   99   98   97   97   96   95   95   94   2192
               214    92   90   88   87   87   87   87   87   89   91   93   96   99   99  102  102  113  111  110  114  111  100   98   97   2330
               215    95   94   92   92   92   93   93   95   98  101  104  107  114  121  121  118  115  113  113  113  114  120  120  123   2561
               216   131  132  123  126  122  113   95   87   89   90   93   91   92   92   91   91   90   89   89   89   90   91  106  111   2413
               217   110  108  113  113  113  113  112   96   91   92   94   96  103  104  101  120  120  123  119  115  123  123  124  121   2647
               218   116  122  122  124  124  117  103  103  100  101  103  108  114  117  122  128  127  111  107  107  106  106  105  107   2700
               219   121  116  107  114  126  128  129  130  131  131  129  136  136  136  136  137  136  135  137  135  130  137  138  138   3129
               220   136  140  141  142  142  143  142  140  140  138  126  120  124  128  132  137  134  136  136  137  134  133  131  129   3241
               221   128  127  127  126  125  123  123  123  122  122  124  124  124  125  125  125  125  125  125  125  125  125  126  126   2995
               222   125  124  123  122  121  120  121  121  120  120  120  118  118  117  116  116  116  116  115  115  115  115  115  115   2844
               223   115  116  114  114  114  113  113  114  114  114  114  115  115  116  116  115  115  115  114  112  111  111  110   93   2713
               224    93   92   91   91   85   84   81   81   82   84   85   86   89   88   92   92   92   90   92   90   92   89   88   94   2123
               225   107   98  100  104  102  109  104  108  112  117  119  121  120  121  120  120  120  120  120  121  121  121  122  122   2749
               226   122  121  120  119  120  118  115  105  104  105   96   92   97  115  113  108  110   90   87   85   84   84   84   84   2478
               227    83   83   82   82   82   82   82   83   84   85   85   87   87   90  103  113  111  100   88   86   86   85   85   83   2117
               228    83   82   82   83   84   83   82   82   84   85   88   88   88   88   90   91   91   90   89   87   86   85   85   86   2062
               229    87   88   92   86   89   89   89   97   95  100  105  115  119  116  115  118  118  120  121  122  121  121  121  121   2565
              ------------------------------------------------------------------------------------------------------------------------------------
              TOTAL 3005 2984 2967 2966 2986 2981 2924 2894 2905 2943 2954 2987 3059 3088 3102 3139 3131 3070 3056 3032 3027 2987 2986 2980  72153
              MEAN   104  103  102  102  103  103  101  100  100  101  102  103  105  106  107  108  108  106  105  105  104  103  103  103   2488
              MAX    136  140  141  142  142  143  142  140  140  138  129  136  136  136  136  137  136  136  137  137  134  137  138  138   3241
                N     29   29   29   29   29   29   29   29   29   29   29   29   29   29   29   29   29   29   29   29   29   29   29   29     29
              NOTE                                                                                                                                
                                                                                                                                                  
                   *): WITH MISSING DATA; TOTAL,MEAN,MAXIMUM ESTIMATED                                                                            
                                                                                                                                                  
                                                                                                                                                  
                                                                                                                                                  
                                                                                                                                                  
