                                                                                                                                                  
                                                                                                                                                  
                                                                *******************************                                                   
                                                                  DOWNWARD LONGWAVE RADIATION                                                     
                                                                *******************************                                                   
                                                                                                                  COUNTRY = JAPAN                 
                                                                                                                                                  
                                                                                                                                                  
                                                                     UNIT  = 0.01 MJ/m**2                                                         
                        STATION    : Tateno                                                                                                       
                        STATION NO.: 47646                                                                                                        
                        LOCATION   : 140ﾟ08' E                                                                                                    
                                      36ﾟ03' N                                                                                                    
                        ALTITUDE   :   25.2  m                                                                                                    
                        YEAR/MONTH : 2024/12                                                                                                      
                                                                                                                                                  
              DATE   -01  -02  -03  -04  -05  -06  -07  -08  -09  -10  -11  -12  -13  -14  -15  -16  -17  -18  -19  -20  -21  -22  -23  -24  TOTAL
                                                                                                                                                  
              12 1    93   93   91   91   91   90   89   90   92   95   97   99  100  101  102  101  102  102  101  101  101  103  103  105   2333
              12 2   107  103  108  102   99  101  106  101  100  102  104  105  106  111  116  107  105  104  104  103  104  103  103  101   2505
              12 3   100  100  100   99   98   98   97   97   97   98  100  101  103  104  105  105  107  114  110  110  105  104  102  101   2455
              12 4   107  106  106  105  109  107  102  103  104  104  106  108  111  111  116  108  106  122  105  110  116  106  119  124   2621
              12 5   121  116  110  113  113  110  106  115  102   97  101  101  101  109  109  103   99   99   98   98   98   95   93   92   2499
              12 6    91   90   89   88   87   87   87   87   89   92   95   97   98   99  100  101   99   99  104  108   98  102   92   92   2271
              12 7    92   91   91   91   90   88   88   87   88   89   91   92   92   97   99   95  107  117  118  107   96  100   98   98   2302
              12 8    94   96   97   99  101  101   96   91   88   87   89   92   93   96   96   95   92   90   88   87   87   86   86   86   2213
              12 9    84   84   84   82   82   82   82   82   83   85   86   88   91   92   93   93   92   91   90   89   89   89   89   90   2092
              1210    92   91   90   88   87   85   86   86   87   89   91   93   93   94   94   94   94   94   94   93   92   92   91   90   2180
              1211    91   92   94  100  101   97  102  100   97   95   93   97   96   98   97   98   97   98   94   92   92   87   87   86   2281
              1212    88   87   82   81   81   81   81   81   82   83   85   87   87   89   90   88   87   85   84   84   83   83   83   82   2024
              1213    82   82   83   84   83   86   89   97   99  100  101  102  104  105  108  106  107  104  106  108  110  112  113  113   2384
              1214   113  110  105   87  104  110   99   87   86   87   88   89   91   88   89   89   90   86   85   84   83   82   81   81   2194
              1215    81   82   82   81   81   81   81   82   83   85   87   88   89   90   91   91   92   92   91   90   89   89   89   88   2075
              1216    89   89   88   88   88   87   87   87   88   89   90   91   92   93   94   94   93   93   93   93   93   92   91   90   2172
              1217    89   89   88   87   86   86   85   84   86   88   89   91   93   94   95   95   95   94   94   93   94   93   93   93   2174
              1218    92   92   89   87   86   85   84   84   85   87   90   92   92   99   99  103  108   92   96   93   88   94   93   89   2199
              1219    99  108  108  111  109  112  113  113  110  108  105   85   86   86   88   88   88   89   86   85   84   83   83   82   2309
              1220    82   82   82   82   82   82   82   82   82   85   88   90   92   92   96  102   99  101  104  103  104  106  106  104   2210
              1221   100   95   92   90   88   86   86   86   86   88   90   95   96  101  108  113  106  103  104  104  100   98   97   95   2307
              1222    93   92   91   90   89   88   88   88   87   88   88   88   88   91   84   83   82   82   82   82   81   81   81   80   2067
              1223    79   79   79   79   78   79   79   79   81   82   83   85   86   87   87   87   87   87   87   87   88   87   85   84   2001
              1224    89   83   83   84   83   81   81   81   82   85   86   87   87   88   89   89   88   86   85   86   85   85   85   85   2043
              1225    84   84   84   84   84   83   82   82   83   89   87   88   92   95  111  112  119  115  111  110  100   98  103  101   2281
              1226   101   98  100  101   99   97   93   92   93   98  101  103  102  102  106  109  113  105   99   97   96   93   93   92   2383
              1227    92   90   90   89   88   87   86   85   85   87   89   91   91   97   96   95   88   86   85   84   84   84   84   86   2119
              1228    86   87   88   84   83   82   83   82   82   84   86   87   88   88   91   95  106   89   86   84   83   82   82   81   2069
              1229    81   81   80   80   80   80   81   81   83   84   85   86   87   89   90   94   90   88   86   85   84   83   82   81   2021
              1230    81   82   84   83   83   82   81   81   83   88   96   99   89   90   90   90   91   93   95  100   99  101   96   99   2156
              1231   103  105  104  102  102  102   94   90   96   98   89   92   95   96   98   98   97   93   91   90   89   87   85   84   2280
              ------------------------------------------------------------------------------------------------------------------------------------
              MEAN    93   92   92   91   91   90   90   89   89   91   92   93   94   96   98   97   98   97   95   95   93   93   93   92   2233
              MAX    121  116  110  113  113  112  113  115  110  108  106  108  111  111  116  113  119  122  118  110  116  112  119  124   2621
                N     31   31   31   31   31   31   31   31   31   31   31   31   31   31   31   31   31   31   31   31   31   31   31   31     31
              NOTE                                                                                                                                
                                                                                                                                                  
                   XXX,XXXX: MISSING DATA                                                                                                         
                         *): WITH MISSING DATA; MEAN,MAXIMUM ESTIMATED                                                                            
                         *]: TOO MANY MISSING DATA FOR USE OF STATISTICS                                                                          
                                                                                                                                                  
