                                                                                                                                                  
                                                                                                                                                  
                                                                *******************************                                                   
                                                                  DOWNWARD LONGWAVE RADIATION                                                     
                                                                *******************************                                                   
                                                                                                                  COUNTRY = JAPAN                 
                                                                                                                                                  
                                                                                                                                                  
                                                                     UNIT  = 0.01 MJ/m**2                                                         
                        STATION    : Tateno                                                                                                       
                        STATION NO.: 47646                                                                                                        
                        LOCATION   : 140ﾟ08' E                                                                                                    
                                      36ﾟ03' N                                                                                                    
                        ALTITUDE   :   25.2  m                                                                                                    
                        YEAR/MONTH : 2024/08                                                                                                      
                                                                                                                                                  
              DATE   -01  -02  -03  -04  -05  -06  -07  -08  -09  -10  -11  -12  -13  -14  -15  -16  -17  -18  -19  -20  -21  -22  -23  -24  TOTAL
                                                                                                                                                  
               8 1   152  155  150  153  149  150  149  148  157  157  150  153  154  152  153  150  151  147  147  146  146  144  145  151   3609
               8 2   146  148  151  151  147  148  148  151  150  149  152  155  154  151  151  151  151  150  149  148  147  157  155  152   3612
               8 3   152  154  157  149  145  144  145  147  149  152  155  158  158  157  157  156  157  155  152  151  149  148  150  146   3643
               8 4   145  145  145  146  154  149  148  148  150  152  154  157  159  159  158  159  157  154  152  150  151  151  152  153   3648
               8 5   150  152  155  156  148  147  148  150  152  154  157  158  162  162  161  160  157  154  152  152  155  152  153  155   3702
               8 6   155  156  150  149  152  157  158  151  156  162  166  158  158  154  156  156  154  151  151  150  150  152  149  148   3699
               8 7   152  151  151  161  160  160  157  156  159  155  156  160  160  160  162  162  159  156  156  159  154  153  157  156   3772
               8 8   158  159  157  158  158  150  158  161  162  158  163  165  165  164  164  158  159  155  153  152  152  151  151  150   3781
               8 9   148  148  148  147  147  147  148  150  152  158  160  159  160  160  159  158  154  153  150  153  148  148  148  147   3650
               810   149  154  147  147  149  150  148  151  161  160  155  159  158  165  165  158  157  152  151  154  160  160  157  154   3721
               811   151  157  155  151  148  147  147  147  149  151  154  156  158  160  167  171  171  169  166  161  164  163  163  162   3788
               812   157  153  158  158  158  155  157  159  162  163  167  166  164  162  162  163  164  162  157  155  155  151  149  148   3805
               813   148  148  148  149  150  149  151  157  156  157  158  158  158  158  165  161  160  158  155  156  156  159  157  151   3723
               814   150  150  151  151  150  153  155  159  159  159  166  165  162  168  167  164  162  160  158  154  155  154  153  156   3781
               815   150  149  149  148  148  148  149  153  161  156  156  156  157  157  155  153  154  154  154  155  153  159  159  160   3693
               816   159  161  159  161  161  159  163  163  163  162  164  164  164  163  162  164  163  163  162  162  162  162  162  160   3888
               817   160  159  158  155  155  157  154  152  156  156  158  159  161  162  164  168  163  164  165  160  161  161  157  154   3819
               818   149  151  159  160  157  159  161  161  162  163  164  161  158  155  155  154  154  153  152  155  156  157  160  156   3772
               819   159  160  158  158  159  161  163  164  160  164  167  165  169  164  159  158  160  164  163  163  157  153  150  151   3849
               820   152  153  153  152  154  153  154  155  156  156  151  152  155  161  156  157  160  156  151  149  148  148  147  147   3676
               821   153  159  151  146  146  145  146  148  153  154  159  159  156  155  153  152  152  151  152  157  159  159  159  158   3682
               822   157  156  149  150  153  155  151  155  159  162  162  161  164  162  165  162  159  154  152  154  154  158  150  151   3755
               823   153  155  156  159  159  157  151  152  157  161  164  166  165  163  164  157  157  156  154  153  152  151  152  156   3770
               824   160  161  160  160  160  159  154  156  163  165  166  166  170  169  167  165  162  164  163  155  151  151  157  158   3862
               825   158  159  156  148  147  148  157  155  157  156  160  157  159  158  157  156  154  153  153  155  149  147  146  145   3690
               826   146  147  144  142  141  140  142  144  148  150  153  160  163  164  159  156  154  155  154  149  148  149  147  153   3608
               827   152  148  148  152  154  148  148  151  154  158  160  160  161  164  164  164  160  154  153  155  151  147  147  156   3709
               828   158  152  145  144  144  145  147  150  153  153  151  152  155  158  158  155  154  156  155  153  149  145  144  146   3622
               829   144  145  147  145  146  147  148  150  154  158  157  156  161  163  159  161  160  161  159  160  159  161  161  159   3721
               830   160  158  157  158  159  160  159  159  160  160  161  160  160  161  161  160  158  160  159  156  155  155  157  157   3810
               831   158  159  155  157  158  156  159  158  159  157  159  161  158  157  158  160  156  157  156  160  160  157  156  158   3789
              ------------------------------------------------------------------------------------------------------------------------------------
              MEAN   153  154  152  152  152  152  152  154  156  157  159  159  160  160  160  159  158  156  155  155  154  154  153  153   3731
              MAX    160  161  160  161  161  161  163  164  163  165  167  166  170  169  167  171  171  169  166  163  164  163  163  162   3888
                N     31   31   31   31   31   31   31   31   31   31   31   31   31   31   31   31   31   31   31   31   31   31   31   31     31
              NOTE                                                                                                                                
                                                                                                                                                  
                   XXX,XXXX: MISSING DATA                                                                                                         
                         *): WITH MISSING DATA; MEAN,MAXIMUM ESTIMATED                                                                            
                         *]: TOO MANY MISSING DATA FOR USE OF STATISTICS                                                                          
                                                                                                                                                  
