                                                                                                                                                  
                                                                                                                                                  
                                                                *******************************                                                   
                                                                  DOWNWARD LONGWAVE RADIATION                                                     
                                                                *******************************                                                   
                                                                                                                  COUNTRY = JAPAN                 
                                                                                                                                                  
                                                                                                                                                  
                                                                     UNIT  = 0.01 MJ/m**2                                                         
                        STATION    : Tateno                                                                                                       
                        STATION NO.: 47646                                                                                                        
                        LOCATION   : 140ﾟ08' E                                                                                                    
                                      36ﾟ03' N                                                                                                    
                        ALTITUDE   :   25.2  m                                                                                                    
                        YEAR/MONTH : 2024/01                                                                                                      
                                                                                                                                                  
              DATE   -01  -02  -03  -04  -05  -06  -07  -08  -09  -10  -11  -12  -13  -14  -15  -16  -17  -18  -19  -20  -21  -22  -23  -24  TOTAL
                                                                                                                                                  
               1 1   109  104  101  101   94   92   93   95   94   91   91   92   91   92   92   92   90   89   88   87   87   86   88   88   2227
               1 2    88   88   87   88   95  109  108   99  102  112  113  119  122  123  120  121  120  118   99   95  118  120  116  112   2592
               1 3   103   91   91   90   91   94   96  100  107  108  109  110  111  111  110  114  104  124  124  123  124  121  118  119   2593
               1 4   119  118  117  117  115  113  110  112  117  112  107   97   96   96   96   95   94   92   90   89   88   87   86   85   2448
               1 5    84   84   85   85   86   90   97  107  102   91   93  100   96   95   95   96   96   95   94   94   94   94   91   89   2233
               1 6    88   88   88   87   88   88   89   88   89   91   92   94   96   98   99  100   99   99   99   99   98   97   96   95   2245
               1 7    94   93   92   94   94   91   90   90   90   90   90   91   98   95  102  102  114  113  102   91   90   89   86   88   2269
               1 8    85   82   82   87   80   79   79   80   80   81   82   83   83   84   83   83   82   82   82   82   82   82   82   82   1969
               1 9    82   86   93   93   94   98  105   95   83   83   84   85   86   87   88   88   88   89   88   88   87   87   87   86   2130
               110    85   85   85   85   85   86   86   85   86   88   90   92   96  100  103  102  104  103  101  102  101   94   98   95   2237
               111   101  101   96   96   97  100  102  103  102  101  103  103  103  103  101   94   96   93   89   86   84   84   84   85   2307
               112    84   83   84   84   83   83   82   81   80   81   84   88   90   92   94   94   94   95   94   94   92   90   90   89   2105
               113    88   88   87   87   86   86   85   85   86   88   89   91  102  114  110  115  114  112  108   85   80   79   79   79   2223
               114    79   78   77   76   76   77   77   76   77   79   80   82   84   85   86   90   92   92   90   90   90   89   88   87   1997
               115    87   87   88   89   88   87   88   87   87   88   88   89   88   87   87   86   84   82   80   81   80   80   79   78   2045
               116    78   78   78   77   77   77   77   77   78   80   80   80   87   92   98   83   81   81   81   81   81   81   82   82   1947
               117    82   83   83   82   82   82   82   81   80   81   82   83   84   86   87   90   92   93   93   92   93  107  108  114   2122
               118   112  113  111  105   93  100  105   96   96   94   93   96  102  110  116  114  117  105  103  102  104  106  102  112   2507
               119   111  107  108  111  112  111  107  102   94   96   96   97   98   99   98   96   95   95   95   95   96  113  107  117   2456
               120   117  117  117  117  117  116  112  117  117  118  118  118  118  119  120  119  118  118  118  118  117  118  119  121   2824
               121   121  121  122  122  123  124  127  128  130  133  136  132  129  130  130  130  127  107  107  103  101  100   99   98   2880
               122    97   97   96   96   96   96   95   95   96  100  100  104  109  110  120  125  125  125  125  123  125  127  112  108   2602
               123   112  114  109  100   96   96  117  123  111  102   99  104  103  104  109  120  118  113  115  118  118  118  115  111   2645
               124   105   81   80   81   82   81   79   78   78   77   78   81   82   79   79   78   78   77   77   76   76   76   76   76   1911
               125    76   76   76   76   76   76   77   77   78   79   80   81   82   82   82   81   81   79   79   78   78   78   78   79   1885
               126    79   79   79   80   80   80   80   81   82   84   86   87   87   88   88   88   87   86   85   84   84   83   83   83   2003
               127    82   85   82   82   82   82   81   81   82   83   85   87   88   89   90   90   89   88   87   86   85   85   85   84   2040
               128    84   84   84   84   83   85   92   89   88   95   97   99  103  108  107  110  110  105   92   90   89   89   88   87   2242
               129    86   84   84   83   83   82   82   82   83   85   86   87   88   88   88   89   89   89   89   88   88   89  109  112   2113
               130   113  100   94   95   92   89   86   86   87   89   90   91   92   93   94   93   93   93   92   92   92   92   91   90   2219
               131    89   92   98   99  104   99  109  103  106  107   97   96   97   98   99  111  102  101  103  105  104  105  109  110   2443
              ------------------------------------------------------------------------------------------------------------------------------------
              TOTAL 2920 2867 2854 2849 2830 2849 2895 2879 2868 2887 2898 2939 2991 3037 3071 3089 3073 3033 2969 2917 2926 2946 2931 2941  70459
              MEAN    94   92   92   92   91   92   93   93   93   93   93   95   96   98   99  100   99   98   96   94   94   95   95   95   2273
              MAX    121  121  122  122  123  124  127  128  130  133  136  132  129  130  130  130  127  125  125  123  125  127  119  121   2880
                N     31   31   31   31   31   31   31   31   31   31   31   31   31   31   31   31   31   31   31   31   31   31   31   31     31
              NOTE                                                                                                                                
                                                                                                                                                  
                   *): WITH MISSING DATA; TOTAL,MEAN,MAXIMUM ESTIMATED                                                                            
                                                                                                                                                  
                                                                                                                                                  
