                                                                                                                                                  
                                                                                                                                                  
                                                                *******************************                                                   
                                                                  DOWNWARD LONGWAVE RADIATION                                                     
                                                                *******************************                                                   
                                                                                                                  COUNTRY = JAPAN                 
                                                                                                                                                  
                                                                                                                                                  
                                                                     UNIT  = 0.01 MJ/m**2                                                         
                        STATION    : Tateno                                                                                                       
                        STATION NO.: 47646                                                                                                        
                        LOCATION   : 140ﾟ08' E                                                                                                    
                                      36ﾟ03' N                                                                                                    
                        ALTITUDE   :   25.2  m                                                                                                    
                        YEAR/MONTH : 2025/01                                                                                                      
                                                                                                                                                  
              DATE   -01  -02  -03  -04  -05  -06  -07  -08  -09  -10  -11  -12  -13  -14  -15  -16  -17  -18  -19  -20  -21  -22  -23  -24  TOTAL
                                                                                                                                                  
               1 1    84   83   84   84   84   84   83   84   84   86   87   88   88   88   88   88   87   87   88   88   88   88   88   87   2068
               1 2    87   88   87   87   88   87   86   85   86   88   91   93   94   95   96   96  103  109  114  105   97   93   93   99   2247
               1 3   114   95   95  100  102  115  116  116  117  116  117  116  117  117  115  105  108  103  103  116  117  115  101   95   2631
               1 4    99   93   86   99   82   82   80   80   80   81   82   83   84   84   85   86   86   88   92   92   84   84   83   90   2065
               1 5    82   81   80   79   79   79   79   79   80   83   86   93  101  101  104  100   92   91   90   91   91   91   91   90   2113
               1 6    89   90   93   88   86   86   92  104  108  111  113  112  111  118  120  122  123  123  122  123  121  122  122  117   2616
               1 7   117  119  121  111  100  115  114  115  111  112  114  119  120  114  116  114   98   99   96   87   87   86   86   86   2557
               1 8    85   85   84   83   82   82   82   83   85   86   87   87   88   91   98   90   89   86   85   84   83   83   82   81   2051
               1 9    81   82   82   81   80   81   81   81   81   83   85   87   89   90   90   89   86   85   84   83   82   81   79   78   2001
               110    76   76   75   75   75   75   75   75   77   79   80   81   82   83   83   83   83   83   83   82   82   82   81   81   1907
               111    81   81   81   81   80   80   80   81   82   83   84   85   86   87   89   89   89   88   87   87   86   86   85   85   2023
               112    84   85   93   98  103  103  107  107  105  107  111  110  110  109  109  116  108  108  111  114  112  115  111  106   2542
               113    98   90   90   91   87   84   83   83   84   86   87   90   92   93  103   97   91   88   86   86   84   84   84   84   2125
               114    84   91   99   84   84   84   84   84   85   87   89   90   91   92   94   95   94   94   93   92   92   92   90   90   2154
               115    89   89   88   88   88   88   87   88   88   90   92   93   94   96   97   96  100   93   88   85   83   81   80   80   2141
               116    80   80   80   79   79   80   81   89   95   94   98   93   95   97  104  110  111  100  101  111  109   90   88   87   2231
               117    86   84   82   82   81   82   81   81   82   83   84   84   85   84   84   83   83   82   82   81   81   81   81   81   1980
               118    81   80   80   80   79   79   79   79   80   82   83   84   85   86   86   86   86   86   86   86   86   86   86   86   1997
               119    86   85   85   85   84   86   87   88   92   92   91   95  101  109  122  123  120  121  122  123  124  125  124  124   2494
               120   120  104   97   96  109  114  115  117  121  116  100   98  101  101  104  117  119  126  126  121  125  126  124  123   2720
               121   121  117  112  119  121  119  121  123  123  122  120  116  110   99   99  100   99   96   94   92   91  101  108   90   2613
               122    88   86   85   85   84   84   84   84   85   87   89   89   90   91   93   93   94   93   93   93   97   97   96   92   2152
               123    91   91  101  108  106  104  104  104  101   98   97  103  103  105  106  106  101  100   99   97   97   96   96   95   2409
               124    93   92   90   89   89   89   88   88   88   90   92   94   96   97  101   99  115  108  113  112  120  117  120  120   2400
               125   111  111  108  117  117  117  117  117  118  115  113  111  108  107  100   90  101   90   87   86   85   85   85   84   2480
               126    83   83   83   81   79   79   79   79   80   82   85   87   89   92  106   98   91   88   88   87   87   86   85   85   2062
               127    87   88   84   83   83   83   82   92   94   86   90  107  103  107  104  108  106   98   92   92   99  102  104  112   2286
               128   115  112  113  113  112  111  112  109   95   94   96   95   95   98   99   98  104  115  119  115  112  113  114  100   2559
               129    94   93   92   83   82   80   81   81   81   83   84   85   86   89   90   87   86   86   86   85   85   84   84   84   2051
               130    83   83   82   81   81   81   80   80   81   83   84   85   86   88   88   88   87   86   85   84   84   84   83   83   2010
               131    82   82   81   81   81   81   81   82   83   84   85   87   91   90   89   88   88   87   88   88   89   88   87   86   2049
              ------------------------------------------------------------------------------------------------------------------------------------
              MEAN    92   90   90   90   89   90   90   92   92   93   93   95   96   97   99   98   98   96   96   96   95   95   94   93   2249
              MAX    121  119  121  119  121  119  121  123  123  122  120  119  120  118  122  123  123  126  126  123  125  126  124  124   2720
                N     31   31   31   31   31   31   31   31   31   31   31   31   31   31   31   31   31   31   31   31   31   31   31   31     31
              NOTE                                                                                                                                
                                                                                                                                                  
                   XXX,XXXX: MISSING DATA                                                                                                         
                         *): WITH MISSING DATA; MEAN,MAXIMUM ESTIMATED                                                                            
                         *]: TOO MANY MISSING DATA FOR USE OF STATISTICS                                                                          
                                                                                                                                                  
